1 0.575912 0.217420 0.200675 0.215441
1 0.751700 0.557786 0.105400 0.055910
1 0.633500 0.585488 0.064000 0.039531
1 0.974375 0.163649 0.051250 0.228424
1 0.820100 0.767101 0.064000 0.039531
1 0.610762 0.373752 0.118475 0.094897
1 0.899275 0.332251 0.083450 0.042814
1 0.271025 0.467917 0.528450 0.935835
1 0.757175 0.270366 0.090100 0.050976
0 0.659375 0.138349 0.399250 0.267017
1 0.768025 0.199512 0.090100 0.059137
1 0.867850 0.241041 0.090100 0.050976
1 0.587900 0.817589 0.064000 0.039531
1 0.757425 0.635338 0.090100 0.050976
