0 0.474600 0.340361 0.445600 0.654819
1 0.849300 0.778569 0.041400 0.046295
0 0.806600 0.371235 0.201200 0.589458
1 0.661630 0.744428 0.051140 0.137651
1 0.830330 0.707681 0.052140 0.061145
0 0.949350 0.690527 0.077900 0.123765
1 0.719590 0.650602 0.095620 0.083735
1 0.917960 0.741024 0.034880 0.046265
1 0.651910 0.647470 0.044580 0.064217
1 0.787680 0.797199 0.041440 0.044759
1 0.834700 0.825738 0.041400 0.046295
1 0.750920 0.728765 0.093360 0.084036
1 0.529300 0.684337 0.228600 0.189759
1 0.876880 0.737786 0.041400 0.046295
