1 0.373257 0.213373 0.029074 0.027222
1 0.225353 0.495089 0.072824 0.073710
1 0.151125 0.571647 0.069221 0.090040
1 0.446632 0.451726 0.048735 0.077024
1 0.119147 0.667758 0.048735 0.077024
1 0.035257 0.784256 0.066838 0.124345
0 0.332728 0.102331 0.246309 0.198909
1 0.257390 0.442153 0.047574 0.049385
1 0.369029 0.477202 0.048735 0.077024
1 0.318949 0.574097 0.064456 0.085139
1 0.289360 0.632728 0.048721 0.059107
1 0.478301 0.143323 0.033103 0.034663
1 0.189118 0.802877 0.039118 0.050992
1 0.498404 0.391776 0.032691 0.040218
1 0.013824 0.939772 0.027647 0.112917
