1 0.806600 0.774489 0.081200 0.043453
1 0.375600 0.493550 0.080000 0.106989
1 0.803610 0.581478 0.056380 0.129862
1 0.360230 0.847652 0.101140 0.053315
1 0.466980 0.516215 0.076440 0.204586
0 0.122370 0.778826 0.217660 0.178812
1 0.762900 0.556160 0.041000 0.102044
1 0.532430 0.593605 0.061140 0.085718
1 0.257600 0.604144 0.103600 0.129834
1 0.248370 0.827072 0.098860 0.071271
1 0.377910 0.568343 0.042180 0.064862
1 0.700410 0.776948 0.121180 0.064890
0 0.414620 0.263577 0.825960 0.506547
1 0.765210 0.710635 0.028260 0.032210
1 0.639770 0.610691 0.148460 0.110110
1 0.847830 0.530953 0.036340 0.129807
1 0.339030 0.605884 0.058740 0.123370
1 0.586650 0.476381 0.150700 0.203039
