1 0.456862 0.876798 0.022660 0.037753
1 0.327465 0.749438 0.044291 0.180899
1 0.219060 0.484775 0.026064 0.044831
1 0.348457 0.438399 0.043156 0.060281
1 0.398050 0.556742 0.158511 0.174157
1 0.625177 0.667697 0.124326 0.231124
1 0.683067 0.887584 0.083440 0.057528
1 0.393564 0.733708 0.048191 0.176404
1 0.418493 0.427219 0.042447 0.052303
1 0.503954 0.473006 0.097695 0.118708
1 0.619220 0.484242 0.107872 0.150169
1 0.242890 0.824747 0.105567 0.066348
1 0.425709 0.168820 0.188298 0.303933
1 0.517890 0.638034 0.076631 0.214944
1 0.259823 0.643427 0.112553 0.299438
1 0.351294 0.858343 0.115780 0.063876
1 0.422819 0.871854 0.018191 0.027865
1 0.283262 0.378230 0.067943 0.137360
