1 0.489446 0.458669 0.070772 0.203373
1 0.569111 0.223432 0.089295 0.067456
1 0.399010 0.510621 0.105067 0.301834
1 0.725436 0.918876 0.023356 0.032071
1 0.406913 0.776775 0.064497 0.158166
1 0.751946 0.239231 0.239732 0.192544
1 0.701174 0.419467 0.059664 0.151953
1 0.636141 0.951420 0.053020 0.064734
1 0.201560 0.422041 0.283658 0.381953
1 0.176376 0.944645 0.142282 0.107041
1 0.639446 0.428935 0.061711 0.161893
1 0.441896 0.174615 0.157617 0.171479
1 0.571124 0.445976 0.066812 0.163669
0 0.422148 0.175148 0.821477 0.330178
0 0.283993 0.740089 0.100470 0.203254
1 0.573926 0.958136 0.065302 0.056627
1 0.782819 0.451864 0.093423 0.137574
