1 0.742233 0.885774 0.026467 0.086310
1 0.591283 0.630952 0.032767 0.114286
1 0.654700 0.621994 0.077533 0.115655
1 0.844367 0.789702 0.048333 0.112381
1 0.825217 0.881726 0.024633 0.065119
1 0.554850 0.623601 0.027367 0.083036
1 0.847117 0.883333 0.015500 0.052143
0 0.832417 0.653899 0.120367 0.177798
1 0.671567 0.753869 0.067467 0.122143
1 0.550750 0.512887 0.072033 0.128631
1 0.784183 0.875208 0.024633 0.058631
0 0.540167 0.274702 0.853667 0.549405
1 0.708033 0.892292 0.031000 0.060298
1 0.888583 0.709107 0.054700 0.120476
