1 0.781200 0.615292 0.023200 0.022983
0 0.499222 0.283250 0.998444 0.566500
1 0.809644 0.613183 0.028311 0.023300
1 0.857433 0.572417 0.044733 0.011800
1 0.903211 0.580042 0.027622 0.030550
1 0.913211 0.655658 0.018644 0.026417
1 0.937700 0.667050 0.029089 0.008800
1 0.637944 0.572150 0.015533 0.007767
1 0.622633 0.596883 0.027844 0.045500
1 0.818244 0.638050 0.031822 0.020200
1 0.835544 0.675850 0.160200 0.022267
1 0.653400 0.662133 0.099333 0.022367
1 0.680433 0.635292 0.044022 0.011917
1 0.675333 0.606583 0.071600 0.032067
1 0.824700 0.547242 0.010778 0.050950
