4 0.5759124999999999 0.2174202626641651 0.200675 0.21544090056285178
4 0.7517 0.5577861163227016 0.1054 0.05590994371482177
4 0.6335000000000001 0.5854878048780487 0.064 0.03953095684803002
4 0.974375 0.16364915572232644 0.05125 0.22842401500938087
4 0.8201 0.7671013133208255 0.064 0.03953095684803002
4 0.6107625 0.3737523452157598 0.118475 0.0948968105065666
4 0.8992749999999999 0.3322514071294559 0.08345000000000001 0.04281425891181989
4 0.271025 0.4679174484052533 0.52845 0.9358348968105066
4 0.757175 0.2703658536585366 0.0901 0.050975609756097565
3 0.659375 0.13834896810506567 0.39925 0.2670168855534709
4 0.768025 0.19951219512195123 0.0901 0.05913696060037523
4 0.86785 0.24104127579737336 0.0901 0.050975609756097565
4 0.5879000000000001 0.8175891181988744 0.064 0.03953095684803002
4 0.7574249999999999 0.6353377110694184 0.0901 0.050975609756097565
