4 0.8110625 0.7646780303030303 0.078125 0.09375
6 0.088325 0.6579450757575758 0.16435 0.17236742424242424
4 0.7184375 0.48304924242424246 0.136375 0.21079545454545454
4 0.6622499999999999 0.7656534090909092 0.03 0.041799242424242426
6 0.13950625 0.7580397727272727 0.1094875 0.39717803030303034
4 0.876225 0.7825568181818182 0.0407 0.065
3 0.7513375000000001 0.3603219696969697 0.491925 0.7206439393939394
3 0.65535625 0.8110795454545454 0.2242875 0.13882575757575757
4 0.5940625 0.44706439393939396 0.05462500000000001 0.11799242424242423
4 0.25493125 0.7410700757575758 0.0578875 0.04475378787878788
3 0.42151875000000005 0.7736742424242424 0.11028750000000001 0.11931818181818182
6 0.039925 0.7940435606060606 0.0794 0.4119128787878788
4 0.69745 0.7405776515151515 0.0271 0.03399621212121212
4 0.5166875000000001 0.8208333333333333 0.086875 0.07727272727272727
