4 0.7312820512820513 0.7409832635983263 0.04170940170940171 0.048577405857740584
3 0.3113960113960114 0.34267782426778237 0.24273504273504273 0.6761506276150627
3 0.5994301994301994 0.37713389121338914 0.24672364672364672 0.6942677824267782
4 0.6227920227920227 0.8299163179916318 0.039316239316239315 0.059832635983263605
4 0.6053561253561254 0.8671757322175732 0.03829059829059829 0.03384937238493724
4 0.2896011396011396 0.7336820083682009 0.15754985754985754 0.3108786610878661
4 0.5550854700854702 0.8385355648535565 0.04806267806267807 0.035313807531380755
4 0.47726495726495727 0.8476569037656904 0.05270655270655271 0.046945606694560674
4 0.51 0.4389121338912134 0.3139031339031339 0.6401673640167364
4 0.1349002849002849 0.8608786610878661 0.05270655270655271 0.06820083682008368
