6 0.023260911548860563 0.5532879490150637 0.016320973348783314 0.05750289687137891
4 0.7435303205870992 0.5663557358053303 0.5129393588258014 0.5081923522595597
6 0.1503833526458092 0.5553794901506374 0.017039397450753186 0.05094438006952492
6 0.09989088451139436 0.5586326767091542 0.017039397450753186 0.05094438006952492
6 0.3927761684047895 0.5137210312862109 0.017035534955581303 0.044400347624565475
6 0.4006324835843955 0.5255011587485515 0.017039397450753186 0.05094438006952492
6 0.12311413673232909 0.5595365005793743 0.017039397450753186 0.05094438006952492
6 0.0624285438393202 0.552111819235226 0.01160486674391657 0.05093279258400927
3 0.5136828891463886 0.31441193511008114 0.6775009656237929 0.6210602549246814
6 0.11133352645809193 0.5588818076477404 0.017039397450753186 0.05094438006952492
6 0.07491792197759753 0.560260718424102 0.017039397450753186 0.05094438006952492
