6 0.9703200000000001 0.6590255591054314 0.054759999999999996 0.20130990415335462
6 0.24019 0.6703833865814697 0.08081999999999999 0.32089456869009586
6 0.7116899999999999 0.766405750798722 0.18078 0.4569009584664536
3 0.6933499999999999 0.20143769968051117 0.6133 0.40287539936102235
6 0.41635 0.7527635782747604 0.10426 0.40175718849840253
4 0.68548 0.39808306709265173 0.6290399999999999 0.3667731629392971
4 0.33717 0.4500638977635783 0.03502 0.11865814696485623
6 0.30113999999999996 0.684185303514377 0.09692 0.32664536741214056
6 0.0177 0.6499999999999999 0.03536 0.25246006389776354
6 0.05867 0.694297124600639 0.11734 0.4501277955271565
6 0.12231 0.7278753993610223 0.17266 0.5426517571884983
