6 0.012580000000000001 0.8704761904761905 0.025160000000000002 0.11857142857142858
6 0.03398999999999999 0.8774553571428573 0.0255 0.10401785714285715
3 0.40293 0.15386904761904763 0.29174 0.30773809523809526
6 0.47612 0.891502976190476 0.02984 0.12407738095238094
3 0.5586 0.33303571428571427 0.048799999999999996 0.058333333333333334
6 0.92 0.7913392857142857 0.0368 0.05898809523809524
6 0.09087999999999999 0.877529761904762 0.028 0.10976190476190477
6 0.05599 0.8798511904761904 0.02282 0.10452380952380952
6 0.29602000000000006 0.9029761904761904 0.02984 0.07261904761904761
4 0.47924 0.5935714285714285 0.20032 0.5716666666666667
6 0.40574 0.9030654761904762 0.02612 0.06827380952380953
6 0.33744999999999997 0.8800595238095238 0.0291 0.10595238095238095
