3 0.4746 0.34036144578313254 0.4456 0.6548192771084338
4 0.8493 0.7785692771084338 0.0414 0.046295180722891564
6 0.47458000000000006 0.4071234939759036 0.08644 0.25081325301204815
3 0.8066 0.37123493975903615 0.2012 0.5894578313253012
4 0.6616299999999999 0.7444277108433736 0.05114 0.13765060240963856
4 0.83033 0.7076807228915664 0.05214 0.06114457831325301
3 0.94935 0.6905271084337349 0.07790000000000001 0.12376506024096387
4 0.71959 0.6506024096385542 0.09562000000000001 0.08373493975903615
4 0.91796 0.7410240963855422 0.03488 0.04626506024096386
4 0.65191 0.6474698795180723 0.04458 0.06421686746987952
4 0.78768 0.7971987951807229 0.04144 0.04475903614457831
4 0.8347 0.8257379518072289 0.0414 0.046295180722891564
4 0.7509199999999999 0.7287650602409638 0.09336 0.08403614457831325
4 0.5293 0.6843373493975903 0.2286 0.1897590361445783
4 0.87688 0.7377861445783133 0.0414 0.046295180722891564
