3 0.8281000000000001 0.3231681681681682 0.1454 0.39210210210210206
4 0.7004 0.21591591591591594 0.458 0.4318318318318319
6 0.31472999999999995 0.28405405405405404 0.01954 0.08774774774774774
4 0.5661499999999999 0.6465465465465465 0.2695 0.2972972972972973
4 0.38444 0.5993543543543542 0.06888 0.10855855855855856
6 0.05477 0.43219219219219224 0.10937999999999999 0.42726726726726727
4 0.8401799999999999 0.6976726726726726 0.11004000000000001 0.10855855855855856
6 0.363 0.2843693693693694 0.024399999999999998 0.09852852852852853
6 0.20626999999999998 0.36388888888888893 0.08721999999999999 0.24807807807807808
6 0.34393 0.2772672672672673 0.01846 0.07597597597597598
