4 0.40148181818181816 0.5414828431372548 0.053145454545454544 0.04816176470588235
6 0.6202545454545454 0.6507107843137255 0.07065454545454546 0.29700980392156867
4 0.6249181818181818 0.5039460784313726 0.0314 0.05911764705882353
4 0.49639090909090916 0.5593872549019608 0.0374 0.05769607843137255
3 0.28864545454545454 0.20686274509803923 0.34198181818181816 0.41372549019607846
6 0.6799181818181819 0.6475245098039215 0.06605454545454545 0.2263235294117647
4 0.35254545454545455 0.5162500000000001 0.04218181818181818 0.03348039215686274
4 0.4555454545454546 0.43002450980392154 0.06272727272727273 0.07573529411764705
6 0.07251818181818183 0.7498284313725491 0.14470909090909093 0.4627450980392157
4 0.2873363636363636 0.45035539215686277 0.061581818181818175 0.061004901960784313
3 0.549509090909091 0.2292279411764706 0.21989090909090908 0.4584558823529412
