3 0.40984374999999995 0.5733333333333333 0.22218749999999998 0.19
4 0.7575 0.6816666666666666 0.34249999999999997 0.6366666666666666
4 0.20179687500000001 0.9439166666666666 0.07415625 0.10894444444444444
4 0.322296875 0.5897222222222223 0.07415625 0.075
4 0.39878125 0.7265 0.0943125 0.1041111111111111
4 0.5041249999999999 0.7053333333333334 0.087 0.15288888888888888
3 0.8128125 0.3769444444444444 0.35750000000000004 0.7538888888888888
4 0.4839062500000001 0.8583333333333333 0.20593750000000002 0.2833333333333333
4 0.28515625 0.7507499999999999 0.0853125 0.15627777777777777
1 0.11204687500000002 0.6833611111111111 0.08315625 0.2413888888888889
4 0.27046875 0.9283333333333333 0.0834375 0.075
6 0.129390625 0.5877777777777778 0.06103125 0.3566666666666667
