3 0.6147727272727272 0.8805890410958903 0.141 0.1535068493150685
6 0.5612 0.6746301369863014 0.03512727272727273 0.08690410958904109
3 0.7393727272727273 0.9624657534246576 0.06743636363636364 0.07506849315068492
3 0.6306363636363637 0.6963013698630136 0.44636363636363635 0.21342465753424658
6 0.6336727272727273 0.7003424657534246 0.03774545454545455 0.09493150684931506
4 0.7561 0.5635342465753425 0.12023636363636363 0.13731506849315067
3 0.7139090909090909 0.27109589041095894 0.20127272727272727 0.3115068493150685
6 0.5923272727272727 0.6867945205479452 0.03774545454545455 0.1166027397260274
3 0.13054545454545455 0.2981643835616439 0.2610909090909091 0.26997260273972606
3 0.4319545454545455 0.2584794520547945 0.3291818181818182 0.5147671232876712
