6 0.6294074675324675 0.724925558312655 0.031542207792207795 0.14399503722084367
4 0.31034902597402597 0.8599875930521093 0.1419642857142857 0.08672456575682383
4 0.2538311688311688 0.7825062034739453 0.03746753246753246 0.09503722084367244
4 0.4568831168831169 0.8542431761786601 0.055714285714285716 0.10799007444168736
6 0.8204301948051947 0.7266253101736972 0.04066558441558442 0.1480893300248139
6 0.5351948051948052 0.7149503722084367 0.034805194805194804 0.09193548387096774
4 0.341801948051948 0.5983250620347395 0.11314935064935065 0.26712158808933006
3 0.4172483766233766 0.3619106699751861 0.4388798701298702 0.7238213399503722
4 0.40459415584415587 0.8631513647642679 0.057694805194805195 0.09007444168734491
4 0.43561688311688307 0.670074441687345 0.07909090909090909 0.15851116625310174
