4 0.6145818181818181 0.4603510895883777 0.04865454545454546 0.11077481840193705
4 0.6919909090909091 0.35906779661016947 0.022927272727272727 0.03435835351089588
4 0.27004545454545453 0.4397578692493947 0.05227272727272727 0.03254237288135593
4 0.5427545454545454 0.35423728813559324 0.03267272727272727 0.03099273607748184
4 0.3538545454545455 0.43968523002421306 0.04865454545454546 0.052251815980629536
4 0.5904909090909091 0.35670702179176755 0.03029090909090909 0.03254237288135593
4 0.669390909090909 0.5105326876513318 0.02667272727272727 0.03414043583535109
4 0.6033090909090909 0.5358595641646489 0.05592727272727273 0.039176755447941886
4 0.36404545454545456 0.4977845036319613 0.07110909090909091 0.04631961259079903
4 0.7091454545454546 0.4169370460048426 0.02789090909090909 0.03585956416464891
4 0.43336363636363634 0.39733656174334137 0.033999999999999996 0.04552058111380145
4 0.4694727272727272 0.3199757869249395 0.054872727272727274 0.0864406779661017
3 0.22454545454545455 0.24128329297820825 0.4490909090909091 0.47772397094430996
