6 0.25336713995943205 0.5914788732394367 0.2748478701825558 0.7916901408450705
6 0.6990466531440163 0.3946619718309859 0.04283975659229209 0.15743661971830986
6 0.8204259634888438 0.401169014084507 0.06677484787018256 0.15326760563380282
6 0.893052738336714 0.41529577464788736 0.0695131845841785 0.16422535211267605
4 0.7786511156186613 0.40230985915492956 0.05835699797160243 0.050366197183098586
4 0.9024645030425964 0.2900422535211268 0.13178498985801218 0.1551267605633803
3 0.42920892494929 0.1979577464788732 0.85841784989858 0.38436619718309856
4 0.11601419878296146 0.3810985915492958 0.06411764705882353 0.02247887323943662
6 0.742393509127789 0.3950985915492958 0.03760649087221095 0.15132394366197183
4 0.6639553752535498 0.4092676056338029 0.05338742393509128 0.02580281690140845
6 0.5823630831643002 0.39980281690140845 0.052961460446247464 0.1588732394366197
4 0.7144523326572008 0.23443661971830984 0.07993914807302231 0.1756338028169014
6 0.5111663286004057 0.4084084507042253 0.05373225152129817 0.14177464788732394
