6 0.6435684210526316 0.8554200323101777 0.06016842105263157 0.26037156704361875
4 0.6850894736842106 0.5295476575121163 0.06729473684210527 0.08730210016155089
4 0.5180210526315789 0.7516397415185784 0.020673684210526316 0.04253634894991922
6 0.17154210526315788 0.7315831987075929 0.02731578947368421 0.0905654281098546
6 0.7191736842105263 0.8868820678513732 0.09925263157894737 0.2245557350565428
4 0.5371157894736842 0.7573344103392569 0.03128421052631579 0.05392568659127626
4 0.602957894736842 0.7581340872374799 0.029073684210526318 0.04583198707592892
4 0.563121052631579 0.7630290791599353 0.03234736842105263 0.06208400646203554
3 0.38373684210526315 0.3770516962843296 0.7365263157894737 0.7541033925686592
4 0.5917999999999999 0.8094668820678513 0.02591578947368421 0.02791599353796446
4 0.7600052631578947 0.8054119547657511 0.04398947368421052 0.04248788368336026
4 0.4029210526315789 0.7019305331179322 0.04078947368421053 0.05394184168012924
4 0.6183789473684211 0.6269628432956382 0.05781052631578948 0.07344103392568659
