4 0.1002125 0.7988326848249027 0.16542500000000002 0.15642023346303502
6 0.7494124999999999 0.5292996108949416 0.044175000000000006 0.15883268482490273
6 0.794475 0.538307392996109 0.048949999999999994 0.14276264591439689
3 0.3109 0.4379182879377432 0.6197 0.8735797665369649
4 0.3812625 0.46424124513618675 0.160025 0.37284046692607004
3 0.8413249999999999 0.27431906614785995 0.31735 0.5486381322957199
4 0.507375 0.6473346303501945 0.02825 0.0635408560311284
6 0.8776125 0.5818093385214007 0.028725 0.15529182879377432
6 0.968925 0.6100194552529183 0.05715 0.14540856031128405
4 0.2007375 0.5447470817120622 0.14647500000000002 0.2669260700389105
