4 0.40611702127659577 0.2491960183767228 0.034148936170212765 0.05321592649310873
4 0.04294148936170212 0.5781776416539051 0.04773404255319149 0.030474732006125573
4 0.02707446808510638 0.424249617151608 0.03861702127659574 0.03532924961715161
4 0.2649734042553191 0.1480091883614089 0.2007127659574468 0.28101071975497705
6 0.9233829787234042 0.6664318529862174 0.15238297872340426 0.6382848392036754
6 0.7149255319148936 0.6322128637059725 0.16991489361702128 0.6030474732006126
3 0.1851755319148936 0.12690658499234303 0.16837234042553192 0.2366615620214395
4 0.3432978723404255 0.3778866768759571 0.03297872340425532 0.10523736600306278
6 0.8431329787234042 0.6581852986217458 0.13777659574468085 0.5129709035222052
4 0.43498404255319145 0.5440275650842267 0.03475531914893617 0.0628177641653905
3 0.5853031914893616 0.14368300153139357 0.43486170212765957 0.27649310872894334
3 0.28617021276595744 0.4050612557427259 0.15510638297872342 0.4211485451761102
4 0.13617553191489362 0.3877641653905054 0.03296808510638298 0.07274119448698316
