6 0.2210343309859155 0.8310135135135135 0.01710387323943662 0.11777992277992277
6 0.2676232394366197 0.7911389961389962 0.01420774647887324 0.092007722007722
6 0.8513600352112676 0.946911196911197 0.015149647887323944 0.09826254826254827
6 0.22474031690140844 0.6873552123552124 0.018477112676056336 0.08436293436293436
6 0.6736575704225352 0.777519305019305 0.017191901408450706 0.08866795366795367
4 0.584493838028169 0.8841409266409266 0.045748239436619716 0.07561776061776063
6 0.4326804577464789 0.771554054054054 0.020202464788732395 0.09395752895752896
6 0.23940580985915497 0.8272200772200772 0.01865316901408451 0.0913899613899614
6 0.4551364436619718 0.7583108108108109 0.023705985915492958 0.10152509652509653
3 0.5128961267605634 0.4406756756756756 0.383362676056338 0.8541698841698842
6 0.8660211267605634 0.9424710424710424 0.019753521126760563 0.11347490347490348
4 0.502143485915493 0.8793436293436293 0.09923415492957746 0.09652509652509653
