4 0.6804000000000001 0.5726166666666667 0.12269999999999999 0.17143333333333333
3 0.6876000000000001 0.29183333333333333 0.6238 0.5836666666666667
4 0.7809875 0.5269333333333334 0.056025 0.057866666666666663
4 0.8120999999999999 0.6685 0.0547 0.04833333333333333
4 0.7735875 0.6416999999999999 0.048674999999999996 0.0694
6 0.1248375 0.7602166666666667 0.08047499999999999 0.42889999999999995
4 0.9305625000000001 0.689 0.033375 0.04733333333333333
4 0.9821249999999999 0.6246333333333334 0.035750000000000004 0.08393333333333333
6 0.05815000000000001 0.7681333333333333 0.11625 0.4540666666666667
3 0.650425 0.8283999999999999 0.61115 0.19386666666666666
4 0.987 0.5276333333333333 0.026000000000000002 0.09206666666666667
6 0.14477500000000001 0.7602333333333333 0.12210000000000001 0.4301333333333333
4 0.9101250000000001 0.2345 0.17975000000000002 0.25833333333333336
4 0.9039750000000001 0.9470000000000001 0.19204999999999997 0.07733333333333334
4 0.965325 0.42608333333333337 0.0645 0.0759
