4 0.77622 0.44173652694610777 0.09223999999999999 0.13467065868263473
4 0.72302 0.5440119760479042 0.04156 0.07005988023952095
4 0.5821 0.7345808383233533 0.06659999999999999 0.0374251497005988
4 0.30593 0.6820359281437126 0.21014 0.11616766467065867
4 0.69084 0.7439071856287425 0.04672 0.02248502994011976
4 0.6931 0.45281437125748497 0.0318 0.037485029940119756
4 0.8009700000000001 0.5872904191616767 0.044899999999999995 0.08631736526946107
3 0.74558 0.3476047904191617 0.15996000000000002 0.20778443113772457
4 0.80077 0.7289071856287425 0.05126 0.03919161676646706
4 0.59302 0.5977245508982035 0.044840000000000005 0.0374251497005988
3 0.29441 0.3687125748502994 0.58758 0.7374251497005988
