6 0.31146874999999996 0.8710749999999999 0.1230625 0.22858333333333333
4 0.43680625 0.6484583333333334 0.2073875 0.17108333333333334
6 0.53993125 0.8936750000000001 0.1598625 0.21171666666666666
6 0.7821062500000001 0.8846666666666666 0.1040375 0.22956666666666667
6 0.047025 0.9102 0.0625 0.17836666666666667
4 0.5592375 0.6026666666666667 0.051025 0.10266666666666667
6 0.62826875 0.8706833333333333 0.0745625 0.16876666666666668
6 0.07326875 0.9197166666666667 0.0690375 0.15940000000000001
6 0.7059687499999999 0.9118083333333334 0.0674625 0.17088333333333333
6 0.40956250000000005 0.9013833333333334 0.1487 0.19640000000000002
3 0.46362499999999995 0.364 0.47350000000000003 0.728
