4 0.6624599999999999 0.4652896725440806 0.04184 0.09924433249370276
4 0.56576 0.49124685138539037 0.056479999999999995 0.039118387909319895
4 0.9138 0.5521410579345087 0.0516 0.0982367758186398
4 0.45143 0.4693198992443325 0.06874 0.10554156171284634
4 0.42508 0.8386272040302267 0.0342 0.03992443324937028
4 0.35061000000000003 0.43484886649874055 0.11758 0.06884130982367757
3 0.4766 0.16120906801007556 0.9372 0.3224181360201511
4 0.6510499999999999 0.7574685138539042 0.10186 0.05609571788413098
4 0.1276 0.3382367758186398 0.05044 0.03581863979848866
4 0.31309000000000003 0.35628463476070527 0.05298 0.07861460957178841
