6 0.83359 0.4341834002677376 0.022260000000000002 0.038058902275769746
6 0.18021 0.44173360107095044 0.022260000000000002 0.038058902275769746
6 0.14996 0.5081258366800535 0.02244 0.03429718875502008
6 0.68079 0.5067804551539491 0.016579999999999998 0.030428380187416334
3 0.3502 0.32215528781793845 0.6948 0.6389558232931727
4 0.61415 0.6290160642570282 0.25842000000000004 0.08493975903614458
6 0.63848 0.4911646586345381 0.01844 0.032369477911646585
6 0.25063 0.43135876840696113 0.022260000000000002 0.038058902275769746
6 0.80261 0.42947121820615797 0.022260000000000002 0.038058902275769746
6 0.76751 0.41115796519410974 0.01754 0.03163319946452477
6 0.19216 0.5113989290495314 0.02244 0.040870147255689424
6 0.06897 0.4615194109772423 0.022260000000000002 0.038058902275769746
6 0.08444999999999998 0.5040629183400267 0.022260000000000002 0.038058902275769746
