6 0.8021068548387096 0.6770178571428571 0.028286290322580645 0.1303214285714286
4 0.3531653225806452 0.5331071428571428 0.032620967741935486 0.08178571428571428
4 0.5660181451612903 0.47544642857142855 0.13086693548387096 0.09375
6 0.8450705645161289 0.6801607142857142 0.02723790322580645 0.1394642857142857
4 0.5902822580645161 0.38116071428571424 0.07814516129032258 0.08575
4 0.38919354838709674 0.5471964285714286 0.025241935483870968 0.05582142857142858
6 0.986491935483871 0.913875 0.026129032258064518 0.1674642857142857
6 0.23813508064516128 0.9262499999999999 0.04223790322580645 0.1332142857142857
3 0.39556451612903226 0.3483928571428571 0.777016129032258 0.6967857142857142
4 0.4338608870967742 0.7369642857142857 0.05203629032258064 0.04107142857142857
6 0.9889818548387097 0.8026428571428571 0.02143145161290323 0.15742857142857142
1 0.22829637096774194 0.9595892857142857 0.059173387096774194 0.07946428571428571
4 0.38089717741935486 0.6660714285714285 0.04909274193548387 0.14714285714285716
6 0.939546370967742 0.7172499999999999 0.03389112903225806 0.12464285714285714
