4 0.36380555555555555 0.3860246913580247 0.03612962962962963 0.044641975308641973
6 0.5653333333333334 0.7418641975308642 0.17055555555555554 0.5142962962962963
6 0.7550555555555556 0.701641975308642 0.29562962962962963 0.595283950617284
4 0.06880555555555556 0.691358024691358 0.13016666666666668 0.31012345679012343
6 0.4244537037037037 0.8990617283950617 0.17012962962962963 0.20074074074074075
4 0.24072222222222223 0.381320987654321 0.058111111111111106 0.04797530864197531
4 0.37424999999999997 0.5748765432098765 0.022574074074074073 0.04135802469135803
6 0.9036018518518518 0.683604938271605 0.19142592592592594 0.6277530864197531
3 0.3842222222222222 0.28708641975308646 0.766 0.5700246913580247
4 0.4913981481481482 0.43333333333333335 0.2009074074074074 0.4844444444444444
4 0.28437962962962965 0.498358024691358 0.036055555555555556 0.08708641975308642
