4 0.6426666666666666 0.7992814814814815 0.13333333333333333 0.10573333333333335
6 0.4626666666666667 0.7852074074074074 0.04177777777777778 0.039066666666666666
1 0.07392222222222222 0.7804888888888888 0.03886666666666666 0.016385185185185187
0 0.8084888888888889 0.9154444444444444 0.06124444444444444 0.03740740740740741
6 0.3190888888888889 0.7638 0.0196 0.04028148148148148
6 0.17288888888888887 0.762837037037037 0.027555555555555555 0.041437037037037036
6 0.2753888888888889 0.9263407407407407 0.03353333333333333 0.07437037037037038
0 0.40855555555555556 0.7761259259259259 0.029555555555555557 0.03263703703703704
6 0.10111111111111111 0.8280222222222222 0.03244444444444444 0.05714074074074074
0 0.3667777777777778 0.7761185185185185 0.042444444444444444 0.027911111111111112
3 0.39311111111111113 0.39162962962962966 0.7862222222222223 0.7832592592592593
