4 0.56134375 0.7467777777777778 0.0389375 0.02491358024691358
4 0.8030156249999999 0.8281481481481482 0.08740624999999999 0.07061728395061728
6 0.030265624999999997 0.6269876543209877 0.060406249999999995 0.30306172839506174
6 0.3089765625 0.613246913580247 0.06489062500000001 0.21281481481481482
4 0.40075000000000005 0.7024691358024692 0.0700625 0.14074074074074075
4 0.6159843749999999 0.9144691358024691 0.02446875 0.05758024691358025
4 0.814828125 0.7320740740740741 0.07909374999999999 0.10809876543209877
4 0.68165625 0.412641975308642 0.1580625 0.4232592592592592
4 0.601484375 0.7514320987654322 0.03484375 0.14059259259259257
4 0.37265625 0.5887037037037036 0.05159375000000001 0.10234567901234569
4 0.4291875 0.600679012345679 0.04390625 0.07977777777777778
6 0.058914062499999996 0.6079135802469137 0.038546875 0.2248148148148148
6 0.212203125 0.5932222222222222 0.057343750000000006 0.21128395061728394
3 0.6746874999999999 0.3617283950617284 0.650625 0.7195061728395061
