6 0.9846947368421053 0.880039494470774 0.018610526315789473 0.03139020537124803
6 0.6568473684210526 0.9328120063191153 0.01708421052631579 0.07484992101105846
6 0.6883684210526316 0.9319747235387045 0.02357894736842105 0.08218009478672986
6 0.11151578947368421 0.9071879936808847 0.015073684210526316 0.05671406003159558
6 0.6188736842105264 0.9232148499210112 0.024968421052631577 0.09581358609794628
6 0.5724894736842105 0.8942259083728278 0.011905263157894738 0.05012638230647709
6 0.4411684210526316 0.9120063191153238 0.016126315789473683 0.0631911532385466
6 0.7508684210526316 0.9024407582938389 0.017294736842105262 0.06639810426540285
6 0.5944526315789473 0.9036650868878356 0.012357894736842106 0.05304897314375987
3 0.39336315789473686 0.2903554502369668 0.7480105263157895 0.5766350710900474
6 0.008157894736842105 0.9249368088467614 0.015536842105263158 0.0596998420221169
