4 0.044909090909090905 0.5443154034229829 0.08981818181818181 0.13273838630806845
4 0.7036909090909091 0.8358435207823961 0.06316363636363637 0.04601466992665037
4 0.4545363636363636 0.7015647921760391 0.11881818181818181 0.34210268948655254
4 0.2911636363636364 0.5873716381418094 0.05712727272727273 0.06246943765281174
4 0.41116363636363634 0.4496088019559902 0.05949090909090909 0.2478728606356968
3 0.45271818181818185 0.28863080684596576 0.8948909090909091 0.5596577017114914
4 0.6141363636363636 0.5796943765281174 0.2002727272727273 0.2376283618581907
4 0.34042727272727275 0.8438019559902201 0.10267272727272728 0.06902200488997555
4 0.3387545454545455 0.7236063569682151 0.035036363636363636 0.08501222493887531
4 0.3635181818181818 0.6058068459657702 0.04950909090909091 0.08090464547677262
4 0.11026363636363636 0.6836552567237164 0.06245454545454546 0.1239364303178484
