4 0.38863369963369965 0.3317138671875 0.01879120879120879 0.037958984375
4 0.22249084249084247 0.4847119140625 0.03041758241758242 0.046943359375
4 0.4857069597069597 0.489375 0.2445274725274725 0.232578125
4 0.21883150183150185 0.5262695312500001 0.022131868131868133 0.020390625
6 0.7544029304029304 0.561669921875 0.09753846153846153 0.27240234375
6 0.9755274725274725 0.5601074218750001 0.0487985347985348 0.23244140625
6 0.7559743589743589 0.5782470703125 0.08643956043956044 0.238720703125
6 0.9085238095238095 0.5627099609375 0.0988058608058608 0.240888671875
6 0.8409670329670329 0.5676953125 0.07561904761904761 0.249296875
6 0.6507802197802198 0.6912646484375 0.14478388278388277 0.390361328125
