4 0.5578092783505155 0.5461389961389961 0.04345360824742268 0.03428571428571429
4 0.4237628865979381 0.5387644787644787 0.02082474226804124 0.033359073359073364
4 0.3184020618556701 0.5558880308880308 0.03474226804123712 0.035559845559845565
4 0.5627835051546393 0.49720077220077225 0.035876288659793816 0.01864864864864865
4 0.6096134020618557 0.5218532818532818 0.020876288659793813 0.029961389961389962
6 0.5166752577319588 0.5255405405405406 0.055 0.12405405405405406
4 0.24020618556701032 0.5577992277992277 0.10422680412371134 0.03606177606177606
4 0.46507731958762893 0.463976833976834 0.09582474226804123 0.07536679536679536
4 0.27033505154639176 0.509054054054054 0.02427835051546392 0.017335907335907338
3 0.2338144329896907 0.28416988416988415 0.46639175257731963 0.5637065637065637
6 0.3487886597938144 0.5149034749034749 0.08510309278350517 0.1444015444015444
