6 0.03666051660516605 0.9235215053763441 0.07265682656826569 0.15295698924731183
6 0.7104059040590405 0.9104838709677419 0.052177121771217715 0.10043010752688172
6 0.8091512915129151 0.841263440860215 0.03166051660516605 0.0814516129032258
6 0.19402214022140224 0.9549193548387096 0.07608856088560886 0.09016129032258065
4 0.5412546125461255 0.7394086021505376 0.03018450184501845 0.04559139784946237
6 0.8496678966789669 0.8711021505376344 0.04191881918819188 0.09768817204301077
6 0.6429335793357933 0.8829301075268817 0.04505535055350554 0.09048387096774192
4 0.6297416974169742 0.7818010752688171 0.09690036900369005 0.07876344086021506
6 0.5091143911439114 0.9066666666666667 0.05867158671586716 0.13032258064516128
6 0.08881918819188192 0.7712903225806452 0.017859778597785977 0.046344086021505373
6 0.06346863468634688 0.8969086021505377 0.06243542435424355 0.12758064516129033
3 0.6374907749077491 0.4324462365591398 0.4766051660516605 0.8630645161290322
6 0.17850553505535055 0.8948655913978496 0.052140221402214026 0.09091397849462365
6 0.6135239852398524 0.9518279569892474 0.042841328413284134 0.09634408602150539
6 0.6936531365313654 0.966774193548387 0.03911439114391144 0.0664516129032258
6 0.7653690036900369 0.9219892473118279 0.07826568265682657 0.15602150537634407
6 0.07214022140221403 0.7786290322580646 0.024870848708487086 0.05876344086021505
6 0.11656826568265681 0.9300537634408601 0.08494464944649446 0.13989247311827957
6 0.5771955719557196 0.9722043010752688 0.03911439114391144 0.05559139784946236
3 0.19974169741697417 0.2870430107526882 0.39918819188191884 0.572258064516129
