4 0.5594329896907216 0.5487644787644788 0.04237113402061856 0.037992277992277994
3 0.23265463917525772 0.286003861003861 0.46530927835051544 0.572007722007722
4 0.42396907216494845 0.5412355212355212 0.021546391752577318 0.030193050193050193
4 0.2718041237113402 0.5084749034749034 0.025670103092783506 0.022972972972972974
6 0.5164948453608248 0.5271814671814672 0.046701030927835056 0.12177606177606178
4 0.6094845360824743 0.5188416988416988 0.021546391752577318 0.030193050193050193
4 0.3152319587628866 0.5534555984555984 0.0361340206185567 0.03903474903474903
4 0.2409020618556701 0.5571042471042471 0.10561855670103092 0.04007722007722008
6 0.34731958762886594 0.5174710424710425 0.0834020618556701 0.13988416988416988
4 0.46507731958762893 0.463976833976834 0.09582474226804123 0.07536679536679536
4 0.5639690721649484 0.4964864864864865 0.049999999999999996 0.015598455598455598
