3 0.6551526717557251 0.25442708333333336 0.6896946564885496 0.5088541666666667
6 0.6931679389312978 0.542734375 0.036717557251908395 0.11244791666666666
4 0.4764503816793893 0.6501822916666666 0.05816793893129771 0.04203125
4 0.5305152671755725 0.4272135416666667 0.12057251908396946 0.13619791666666667
4 0.3333206106870229 0.644921875 0.2079389312977099 0.05755208333333334
6 0.7017748091603053 0.51671875 0.023320610687022902 0.11197916666666667
6 0.6586259541984733 0.5290625 0.01648854961832061 0.065625
6 0.6314503816793893 0.5224479166666667 0.0183206106870229 0.07125
6 0.7257061068702291 0.5251822916666666 0.03095419847328244 0.11692708333333333
3 0.18311068702290073 0.416015625 0.25591603053435114 0.42161458333333335
4 0.3736641221374046 0.38864583333333336 0.1984732824427481 0.06958333333333333
6 0.794942748091603 0.5421354166666666 0.02530534351145038 0.11989583333333333
4 0.55206106870229 0.5739322916666666 0.06442748091603052 0.12703125
