4 0.4010852713178294 0.36148717948717946 0.026434108527131784 0.04492307692307692
3 0.5956782945736434 0.1392820512820513 0.4743798449612403 0.26615384615384613
4 0.4493217054263566 0.6414871794871795 0.25895348837209303 0.4111794871794872
4 0.4775193798449612 0.2594102564102564 0.2406201550387597 0.13758974358974357
4 0.7807170542635659 0.7697435897435897 0.07755813953488373 0.07015384615384615
4 0.38610465116279075 0.4185897435897436 0.03872093023255814 0.0782051282051282
3 0.8187403100775194 0.737974358974359 0.1074031007751938 0.07082051282051283
4 0.47957364341085273 0.37451282051282053 0.028527131782945737 0.049435897435897436
4 0.5363565891472868 0.3961282051282051 0.06449612403100775 0.06025641025641026
3 0.6633720930232558 0.4646153846153846 0.2531007751937984 0.38358974358974357
4 0.7058914728682171 0.6883589743589743 0.09108527131782945 0.15917948717948718
3 0.28837209302325584 0.2090769230769231 0.13565891472868216 0.4181538461538462
4 0.8823062015503875 0.7823076923076924 0.04414728682170543 0.05384615384615385
