3 0.4789090909090909 0.2576502732240437 0.506909090909091 0.5153005464480874
6 0.05843636363636364 0.7998907103825136 0.014545454545454545 0.05748633879781421
4 0.30276363636363635 0.6744535519125683 0.20785454545454543 0.1521857923497268
6 0.13367272727272728 0.8058196721311476 0.0104 0.04431693989071038
6 0.07145454545454547 0.8084153005464481 0.013454545454545455 0.060765027322404366
6 0.14754545454545456 0.8146994535519125 0.014363636363636365 0.06295081967213115
4 0.3524909090909091 0.5210928961748634 0.10112727272727272 0.16098360655737706
4 0.7086909090909091 0.5266666666666666 0.08901818181818182 0.0791256830601093
6 0.1723818181818182 0.8115300546448087 0.016181818181818183 0.0512568306010929
6 0.005818181818181819 0.82775956284153 0.009454545454545455 0.0512568306010929
4 0.2631090909090909 0.5233333333333333 0.1006909090909091 0.1439344262295082
6 0.08670909090909092 0.8108196721311475 0.012036363636363637 0.048087431693989074
6 0.1056181818181818 0.8104918032786885 0.012472727272727272 0.04743169398907104
6 0.12301818181818182 0.8079781420765028 0.010763636363636364 0.04765027322404372
6 0.09689090909090908 0.818606557377049 0.008327272727272727 0.031202185792349728
