4 0.47021235521235527 0.8026923076923077 0.1381081081081081 0.025897435897435896
6 0.5604633204633205 0.9606153846153845 0.050501930501930505 0.07876923076923077
4 0.37472972972972973 0.6658717948717948 0.04737451737451737 0.1411794871794872
4 0.45735521235521237 0.7459487179487179 0.03656370656370657 0.035076923076923075
4 0.5182625482625483 0.7472820512820513 0.03791505791505791 0.055794871794871796
4 0.4454633204633205 0.2602564102564103 0.10135135135135136 0.12051282051282051
4 0.6760424710424711 0.16905128205128206 0.07447876447876448 0.1061025641025641
4 0.5301351351351352 0.4464871794871795 0.1211969111969112 0.18794871794871795
4 0.477992277992278 0.6713846153846154 0.05621621621621622 0.10687179487179486
4 0.5829343629343628 0.3070769230769231 0.06972972972972973 0.125025641025641
4 0.4153667953667954 0.43523076923076925 0.11374517374517375 0.19425641025641027
4 0.6096911196911197 0.07912820512820512 0.05552123552123552 0.09353846153846153
3 0.5393822393822394 0.295974358974359 0.4494208494208494 0.5844615384615385
