4 0.7422333333333333 0.8857738095238096 0.02646666666666667 0.08630952380952381
4 0.5912833333333333 0.6309523809523809 0.032766666666666666 0.11428571428571428
4 0.6547 0.6219940476190476 0.07753333333333334 0.1156547619047619
6 0.29251666666666665 0.5216666666666667 0.028566666666666667 0.10428571428571429
6 0.14028333333333334 0.6764880952380952 0.14096666666666666 0.5138095238095237
6 0.25645 0.5122916666666667 0.023700000000000002 0.11279761904761905
4 0.8443666666666667 0.7897023809523811 0.04833333333333333 0.11238095238095237
4 0.8252166666666667 0.8817261904761905 0.024633333333333333 0.06511904761904762
4 0.55485 0.6236011904761904 0.02736666666666667 0.08303571428571428
4 0.8471166666666666 0.8833333333333334 0.015500000000000002 0.052142857142857144
6 0.03751666666666666 0.5064880952380952 0.035366666666666664 0.15452380952380954
3 0.8324166666666667 0.6538988095238095 0.12036666666666666 0.17779761904761907
4 0.6715666666666666 0.7538690476190476 0.06746666666666666 0.12214285714285714
4 0.55075 0.5128869047619047 0.07203333333333334 0.12863095238095237
4 0.7841833333333333 0.8752083333333335 0.024633333333333333 0.05863095238095238
3 0.5401666666666667 0.2747023809523809 0.8536666666666668 0.5494047619047618
4 0.7080333333333333 0.8922916666666667 0.031000000000000003 0.06029761904761905
6 0.03978333333333333 0.6805059523809524 0.07943333333333333 0.5995833333333334
4 0.8885833333333333 0.7091071428571429 0.0547 0.12047619047619047
