4 0.2869654088050314 0.924559748427673 0.05946540880503145 0.04911949685534591
3 0.3905660377358491 0.3223270440251572 0.7723270440251572 0.6433962264150943
3 0.5891194968553459 0.824245283018868 0.07955974842767295 0.18333333333333332
4 0.3539622641509434 0.9349999999999999 0.050377358490566036 0.05440251572327044
4 0.4786477987421383 0.4792767295597484 0.26849056603773586 0.2931446540880503
4 0.599937106918239 0.9365094339622642 0.09113207547169812 0.06949685534591195
4 0.5830660377358491 0.6943081761006289 0.06443396226415093 0.07654088050314466
6 0.8979088050314467 0.7119496855345911 0.032924528301886795 0.22767295597484277
4 0.534874213836478 0.2766666666666666 0.07540880503144655 0.11333333333333333
4 0.4947012578616352 0.9546540880503144 0.02569182389937107 0.04528301886792453
4 0.32457547169811324 0.6249056603773585 0.09430817610062893 0.33031446540880505
3 0.262059748427673 0.7345911949685534 0.03877358490566038 0.1611320754716981
