4 0.14879725085910653 0.4017919075144509 0.09072164948453608 0.26115606936416186
4 0.4818384879725086 0.6798265895953757 0.08766323024054984 0.20682080924855492
4 0.12202749140893471 0.21716763005780346 0.06096219931271477 0.08901734104046242
3 0.5144329896907216 0.2221676300578035 0.9635738831615119 0.43543352601156066
4 0.7325773195876288 0.5170520231213873 0.03099656357388316 0.08277456647398844
4 0.14448453608247425 0.5979768786127168 0.08553264604810996 0.12589595375722545
3 0.5563402061855669 0.903179190751445 0.3910996563573883 0.1936416184971098
4 0.8721134020618556 0.4891907514450868 0.09941580756013746 0.1384971098265896
4 0.7029037800687284 0.3866473988439306 0.07646048109965636 0.06115606936416185
4 0.8066323024054982 0.5013294797687861 0.026185567010309278 0.11421965317919076
4 0.35993127147766324 0.6321676300578034 0.055601374570446734 0.133121387283237
