4 0.3781129032258065 0.3061349693251534 0.12396774193548386 0.37104294478527605
4 0.5447580645161291 0.39987730061349697 0.18087096774193548 0.13337423312883434
4 0.556741935483871 0.6965030674846626 0.06690322580645161 0.051533742331288344
4 0.575241935483871 0.5496319018404908 0.09551612903225806 0.08503067484662577
4 0.6430967741935484 0.6884662576687116 0.04658064516129032 0.051533742331288344
3 0.229258064516129 0.5403067484662576 0.19812903225806452 0.3321472392638037
4 0.2018225806451613 0.2771472392638037 0.12293548387096774 0.39036809815950924
4 0.39791935483870966 0.7090490797546013 0.03964516129032258 0.05993865030674846
3 0.43582258064516133 0.19567484662576687 0.5897096774193549 0.39134969325153374
4 0.6834516129032258 0.4375460122699386 0.08838709677419354 0.26282208588957057
4 0.7794516129032258 0.4655828220858896 0.03658064516129032 0.08699386503067484
