4 0.6392363636363637 0.4874043715846994 0.03854545454545454 0.03830601092896175
4 0.4233090909090909 0.3526775956284153 0.0757090909090909 0.15639344262295082
4 0.5072 0.556639344262295 0.08138181818181818 0.11513661202185793
4 0.12767272727272727 0.7688524590163934 0.1832 0.13737704918032786
3 0.1352727272727273 0.538415300546448 0.2705454545454546 0.36797814207650276
4 0.4108545454545455 0.13349726775956283 0.02156363636363636 0.06568306010928962
4 0.5835090909090909 0.4890983606557377 0.03770909090909091 0.08639344262295082
3 0.5110909090909092 0.46136612021857926 0.20254545454545456 0.21387978142076502
3 0.3194181818181818 0.17683060109289617 0.6338909090909091 0.3501639344262295
4 0.34712727272727273 0.6613661202185792 0.23520000000000002 0.18076502732240438
