4 0.3070689655172414 0.5242816091954022 0.2279310344827586 0.4209770114942529
6 0.14124137931034483 0.5288793103448276 0.03882758620689655 0.1360344827586207
6 0.9760689655172414 0.5191954022988506 0.037655172413793105 0.16919540229885058
3 0.2450344827586207 0.2974137931034483 0.3706206896551724 0.5948275862068966
6 0.9493103448275862 0.51 0.02703448275862069 0.1395402298850575
6 0.925051724137931 0.4998850574712644 0.037137931034482756 0.16885057471264367
6 0.8385689655172414 0.4887068965517241 0.03086206896551724 0.10545977011494254
6 0.09943103448275863 0.5356609195402299 0.023620689655172413 0.13614942528735632
6 0.5815689655172414 0.5674999999999999 0.3907241379310345 0.865
6 0.8712413793103448 0.5051724137931035 0.03220689655172414 0.1296551724137931
