6 0.8877490774907748 0.1231989247311828 0.12162361623616237 0.234247311827957
6 0.8936346863468635 0.4654032258064516 0.18276752767527676 0.44381720430107524
6 0.6779335793357933 0.18236559139784947 0.14029520295202952 0.36043010752688176
4 0.70070110701107 0.5968817204301075 0.2267158671586716 0.2579569892473118
4 0.425590405904059 0.5059677419354839 0.09678966789667896 0.10204301075268818
4 0.7802952029520295 0.3575268817204301 0.10317343173431735 0.2170967741935484
6 0.5899261992619926 0.3236290322580645 0.13933579335793359 0.5333870967741935
4 0.5357564575645757 0.6015322580645162 0.14900369003690037 0.09274193548387097
6 0.4316789667896679 0.27586021505376346 0.161070110701107 0.450752688172043
4 0.3385424354243542 0.3904569892473118 0.10357933579335793 0.19413978494623654
