4 0.745875 0.5014814814814815 0.24175000000000002 0.5422222222222223
4 0.31031250000000005 0.7675555555555555 0.04554166666666667 0.04044444444444444
4 0.8507916666666666 0.7982592592592592 0.02075 0.052814814814814814
4 0.5993958333333332 0.5085925925925926 0.052125 0.09259259259259259
4 0.9658958333333333 0.8111851851851852 0.024291666666666666 0.036000000000000004
4 0.8976041666666666 0.3004074074074074 0.04045833333333334 0.11874074074074074
3 0.6513541666666666 0.36177777777777775 0.6972916666666666 0.709037037037037
4 0.34875 0.7684814814814815 0.02025 0.040518518518518516
4 0.44308333333333333 0.6403333333333334 0.05716666666666667 0.08096296296296296
4 0.3186666666666667 0.8332222222222222 0.014666666666666666 0.027925925925925927
4 0.38177083333333334 0.5243703703703704 0.12504166666666666 0.15940740740740741
4 0.6837083333333334 0.8156296296296296 0.11800000000000001 0.05851851851851852
