4 0.5317580645161291 0.40503067484662575 0.17441935483870968 0.14171779141104296
4 0.1968709677419355 0.2673312883435583 0.1227741935483871 0.41061349693251536
4 0.7090483870967742 0.3923312883435583 0.0374516129032258 0.08269938650306749
4 0.7826290322580645 0.4597852760736197 0.03209677419354839 0.05723926380368098
3 0.2374032258064516 0.5138343558282208 0.2033225806451613 0.29773006134969326
4 0.6748548387096774 0.43361963190184055 0.08667741935483872 0.2615950920245399
4 0.3751129032258064 0.31162576687116567 0.1253225806451613 0.3606748466257669
3 0.41956451612903223 0.18220858895705522 0.5613870967741935 0.35950920245398776
4 0.19625806451612904 0.6916257668711656 0.0664516129032258 0.04950920245398773
4 0.6431935483870967 0.6879754601226994 0.058774193548387095 0.056809815950920245
4 0.5603548387096774 0.6962269938650306 0.0664516129032258 0.06595092024539877
4 0.3973387096774194 0.7173926380368097 0.0374516129032258 0.06104294478527607
