4 0.3582625482625482 0.5191237113402062 0.10563706563706564 0.05752577319587629
4 0.5521621621621621 0.7770618556701031 0.2071042471042471 0.08721649484536083
4 0.6438996138996139 0.559020618556701 0.07644787644787646 0.11876288659793814
4 0.7224324324324325 0.7019072164948453 0.13065637065637067 0.22268041237113403
4 0.41872586872586876 0.7900515463917525 0.08756756756756756 0.04268041237113402
4 0.44027027027027027 0.5172680412371135 0.044478764478764476 0.11319587628865979
4 0.5347876447876447 0.516340206185567 0.138996138996139 0.16329896907216496
3 0.6042471042471043 0.26185567010309274 0.7915057915057915 0.5237113402061855
4 0.8447490347490347 0.7380927835051546 0.08061776061776062 0.08721649484536083
4 0.38222007722007717 0.6274484536082474 0.04938223938223938 0.15541237113402062
