4 0.4358333333333333 0.6405185185185185 0.06458333333333334 0.07022222222222223
4 0.6666458333333334 0.8166666666666667 0.08754166666666667 0.06414814814814815
4 0.32412499999999994 0.7722222222222223 0.06308333333333334 0.031111111111111114
4 0.9658958333333333 0.8049999999999999 0.020791666666666667 0.02525925925925926
4 0.8427916666666666 0.7981851851851851 0.03941666666666667 0.03888888888888889
4 0.8964166666666668 0.30114814814814816 0.04158333333333333 0.14200000000000002
4 0.3820833333333333 0.5232962962962963 0.12975 0.16037037037037036
3 0.6799999999999999 0.2696296296296296 0.64 0.5392592592592592
4 0.58675 0.5054444444444445 0.06566666666666666 0.11474074074074074
4 0.7470625 0.5005555555555555 0.2615416666666667 0.5563703703703704
