4 0.7285272727272727 0.5419398907103825 0.03 0.03218579234972677
4 0.562309090909091 0.5086338797814207 0.04170909090909091 0.03519125683060109
4 0.693509090909091 0.43136612021857923 0.03632727272727273 0.05639344262295082
4 0.7360727272727272 0.5016120218579234 0.034545454545454546 0.03218579234972677
4 0.7821272727272727 0.5213387978142076 0.058290909090909095 0.05284153005464481
3 0.7343636363636363 0.40852459016393444 0.04145454545454546 0.06874316939890711
4 0.6372181818181819 0.4362841530054645 0.059527272727272734 0.05551912568306011
4 0.5179999999999999 0.5438524590163935 0.04458181818181818 0.0773224043715847
4 0.42792727272727277 0.4890710382513661 0.13032727272727274 0.19453551912568307
4 0.674490909090909 0.5516120218579236 0.05916363636363636 0.036120218579234975
4 0.5402909090909092 0.41759562841530057 0.09090909090909091 0.08765027322404371
3 0.6020363636363636 0.3410382513661202 0.22036363636363637 0.1250273224043716
