4 0.435421875 0.4625231481481481 0.019802083333333335 0.05393518518518518
3 0.4870625 0.24371759259259257 0.2778541666666667 0.48743518518518514
6 0.5853385416666667 0.9493888888888888 0.043583333333333335 0.10012962962962962
6 0.5130989583333333 0.8449351851851852 0.12501041666666668 0.307537037037037
6 0.6401015625 0.8547824074074074 0.02918229166666667 0.28778703703703706
4 0.47205729166666666 0.4437962962962963 0.014322916666666666 0.05555555555555555
4 0.5099739583333334 0.4293055555555556 0.014322916666666666 0.05064814814814815
4 0.5488697916666667 0.45613425925925927 0.028281249999999997 0.06643518518518518
4 0.449984375 0.4516203703703704 0.017260416666666667 0.07287037037037038
4 0.41937499999999994 0.4739490740740741 0.017083333333333332 0.05715740740740741
6 0.41636718749999996 0.835375 0.141140625 0.32328703703703704
