3 0.4989166666666666 0.2659675925925926 0.30927083333333333 0.5128796296296296
6 0.557328125 0.8417638888888889 0.16122916666666667 0.31330555555555556
6 0.5338333333333334 0.6555879629629631 0.023187500000000003 0.12467592592592593
4 0.5407552083333333 0.4242870370370371 0.028802083333333332 0.03153703703703704
6 0.4545078125 0.7507638888888889 0.055880208333333334 0.2594537037037037
6 0.3614583333333333 0.7391157407407407 0.04107291666666667 0.22365740740740742
6 0.3936953125 0.6890138888888889 0.027723958333333333 0.1709351851851852
4 0.4374166666666666 0.5165509259259259 0.036104166666666666 0.06578703703703703
6 0.5952734375000001 0.7125787037037037 0.10832812500000001 0.28012037037037035
6 0.4148203125 0.7413842592592593 0.040213541666666665 0.23491666666666666
