6 0.25363802083333337 0.7589907407407407 0.009255208333333332 0.05075925925925926
6 0.6436276041666668 0.41866666666666663 0.005317708333333334 0.02135185185185185
6 0.32530729166666666 0.5601898148148148 0.0040416666666666665 0.03649074074074074
6 0.3382578125 0.5309768518518518 0.0047239583333333335 0.025620370370370373
6 0.33240885416666666 0.7813981481481481 0.010828125 0.043759259259259255
6 0.27741666666666664 0.538787037037037 0.006072916666666667 0.025962962962962962
6 0.2625651041666667 0.542287037037037 0.007546875 0.042888888888888886
6 0.3037552083333333 0.9831481481481481 0.018145833333333337 0.0337037037037037
6 0.2073984375 0.9768749999999998 0.013046875000000001 0.04625
4 0.5131015624999999 0.3311990740740741 0.016161458333333333 0.019157407407407408
3 0.4451484375 0.17379629629629628 0.23363020833333334 0.34759259259259256
6 0.28564062500000004 0.7194259259259259 0.010239583333333333 0.05146296296296296
6 0.2887447916666667 0.5393657407407407 0.0054062500000000005 0.020712962962962964
6 0.4077630208333333 0.5364722222222222 0.005786458333333333 0.03266666666666667
6 0.025486979166666663 0.8428796296296297 0.008848958333333332 0.05868518518518519
6 0.6440234375 0.4405462962962963 0.005317708333333334 0.025907407407407407
6 0.312125 0.584587962962963 0.0065625 0.03704629629629629
6 0.13164583333333332 0.9692314814814814 0.01621875 0.06153703703703703
6 0.36616145833333336 0.6515833333333333 0.008270833333333333 0.04061111111111111
