0 0.78075 0.7621921641791045 0.20140909090909093 0.1624813432835821
6 0.2785909090909091 0.833339552238806 0.33222727272727276 0.3280597014925373
6 0.110125 0.6660074626865671 0.05397727272727273 0.09007462686567165
0 0.11173863636363636 0.6877052238805971 0.14784090909090908 0.07835820895522388
6 0.6123068181818181 0.6492444029850747 0.02875 0.0721455223880597
6 0.6681136363636364 0.634375 0.033772727272727274 0.054048507462686565
6 0.8920568181818181 0.7111473880597015 0.07815909090909091 0.2184141791044776
6 0.762340909090909 0.6604570895522388 0.07286363636363637 0.09486940298507462
6 0.5595113636363637 0.6502985074626866 0.03375 0.06701492537313433
3 0.3327840909090909 0.2809888059701493 0.6582954545454545 0.5619776119402986
1 0.6106477272727273 0.6776679104477612 0.026931818181818182 0.04652985074626866
0 0.26230681818181817 0.8753544776119403 0.5221136363636364 0.24828358208955226
6 0.4718636363636364 0.6617817164179105 0.07400000000000001 0.10371268656716419
0 0.46529545454545457 0.7131716417910448 0.08940909090909091 0.07720149253731344
6 0.31781818181818183 0.6511940298507463 0.03490909090909091 0.0680597014925373
1 0.5613636363636364 0.6765298507462687 0.028772727272727273 0.04425373134328358
