6 0.2534711538461539 0.5855308219178083 0.034442307692307696 0.1533219178082192
6 0.5402596153846154 0.7822089041095891 0.10382692307692308 0.42078767123287675
4 0.46565384615384614 0.5343150684931506 0.026 0.040958904109589044
6 0.33986538461538457 0.5829965753424657 0.032499999999999994 0.14818493150684933
6 0.7535865384615384 0.6528938356164383 0.04582692307692307 0.16400684931506848
6 0.30506730769230767 0.5824657534246575 0.02925 0.12972602739726027
6 0.6495769230769232 0.6330479452054795 0.04561538461538461 0.14020547945205478
3 0.7115192307692307 0.25154109589041096 0.5727307692307693 0.5030821917808219
6 0.6862403846153846 0.6258390410958904 0.04313461538461538 0.14825342465753424
6 0.8586826923076922 0.6545376712328768 0.036250000000000004 0.16160958904109587
6 0.1243846153846154 0.5696917808219178 0.040846153846153845 0.16363013698630138
6 0.8252019230769231 0.6592808219178082 0.03651923076923077 0.16363013698630138
4 0.49550000000000005 0.5331335616438356 0.022 0.02195205479452055
6 0.5432692307692307 0.5806849315068493 0.059730769230769226 0.1415068493150685
6 0.3704519230769231 0.6320034246575343 0.05344230769230769 0.2279109589041096
6 0.23625 0.5620034246575342 0.028576923076923076 0.12613013698630138
