3 0.4982439024390244 0.30543478260869567 0.5408780487804877 0.5943478260869565
6 0.3295975609756098 0.7523695652173914 0.024317073170731708 0.10395652173913043
4 0.6909756097560976 0.4768695652173913 0.020097560975609757 0.04017391304347826
6 0.2264390243902439 0.7269565217391304 0.02097560975609756 0.06739130434782609
6 0.2114390243902439 0.753695652173913 0.018780487804878048 0.09043478260869565
6 0.2659268292682927 0.7471521739130434 0.02151219512195122 0.10569565217391304
6 0.25415853658536586 0.8656521739130436 0.03943902439024391 0.1313913043478261
6 0.22435365853658537 0.7918260869565218 0.022365853658536584 0.09321739130434784
6 0.2473536585365854 0.739804347826087 0.02568292682926829 0.10673913043478261
6 0.38534146341463416 0.7857608695652174 0.021463414634146343 0.11569565217391305
