0 0.3248385416666667 0.7298981481481481 0.17111458333333335 0.36483333333333334
4 0.5269036458333333 0.39225 0.019526041666666667 0.04788888888888889
6 0.6881302083333334 0.5736111111111111 0.02813541666666667 0.21803703703703703
6 0.5595078125 0.6932592592592592 0.14522395833333332 0.47840740740740734
6 0.4764114583333333 0.5781898148148148 0.053947916666666665 0.273287037037037
3 0.6132447916666666 0.21589814814814814 0.52746875 0.4317962962962963
1 0.7468489583333332 0.7192546296296296 0.04644791666666667 0.2273425925925926
6 0.821140625 0.5752777777777778 0.04689583333333334 0.24509259259259258
6 0.7803619791666667 0.5895787037037037 0.04508854166666666 0.2646759259259259
0 0.5936666666666667 0.8208333333333333 0.18805208333333334 0.3498703703703704
6 0.6496666666666666 0.5722499999999999 0.0469375 0.24857407407407406
6 0.7212526041666667 0.6038611111111112 0.08963020833333334 0.41888888888888887
6 0.5274609375 0.5646018518518519 0.04784895833333334 0.2551851851851852
6 0.34036979166666664 0.6501388888888888 0.09926041666666667 0.34855555555555556
4 0.5730338541666666 0.38027777777777777 0.035015625 0.050277777777777775
