6 0.5630937500000001 0.38131855309218204 0.016604166666666666 0.0970828471411902
6 0.4510486111111111 0.3550233372228705 0.022208333333333333 0.09298716452742123
6 0.2789548611111111 0.3894749124854142 0.01879861111111111 0.1457176196032672
6 0.3081111111111111 0.39460326721120187 0.026416666666666665 0.160291715285881
6 0.5047326388888889 0.40354142357059514 0.019006944444444444 0.08015169194865811
6 0.5484756944444444 0.3628938156359393 0.0156875 0.05437572928821471
6 0.33118749999999997 0.39387397899649945 0.018847222222222224 0.14963827304550759
6 0.1838784722222222 0.3941948658109686 0.03770138888888889 0.20659276546091015
6 0.7951805555555556 0.3634597432905484 0.022208333333333333 0.10932322053675612
6 0.3681527777777778 0.37914235705950994 0.04044444444444444 0.20971995332555424
3 0.9149791666666668 0.2705950991831972 0.17004166666666667 0.3029171528588098
6 0.6251388888888888 0.3677829638273045 0.021916666666666664 0.11549591598599768
6 0.21661805555555555 0.3962310385064177 0.028819444444444446 0.19964994165694283
6 0.69296875 0.3635997666277713 0.035090277777777776 0.17275379229871646
6 0.5512604166666666 0.40606767794632437 0.01845138888888889 0.05904317386231039
6 0.3495868055555556 0.39380396732788797 0.01967361111111111 0.14527421236872812
6 0.45181944444444444 0.42088681446907816 0.03213888888888889 0.07498249708284714
6 0.41710416666666666 0.3750233372228705 0.011902777777777778 0.0959276546091015
6 0.4884131944444444 0.38331388564760793 0.014284722222222223 0.10151691948658109
6 0.4253159722222222 0.37778296382730453 0.012423611111111111 0.10301050175029172
6 0.3985208333333333 0.38623687281213537 0.0195 0.13765460910151692
6 0.5271840277777778 0.39781213535589266 0.020770833333333332 0.08652275379229872
6 0.4811041666666667 0.38596849474912487 0.018347222222222223 0.10600933488914818
