4 0.5198183139534883 0.5917331670822943 0.04559593023255814 0.04955112219451372
4 0.3727761627906977 0.6288902743142145 0.02811046511627907 0.024763092269326683
4 0.40701308139534886 0.6028179551122195 0.05388081395348837 0.058653366583541144
4 0.5942805232558139 0.5324064837905237 0.013677325581395349 0.035187032418952616
4 0.4206540697674419 0.5408977556109725 0.037238372093023255 0.06518703241895261
4 0.35834302325581396 0.5571820448877806 0.009883720930232558 0.016957605985037406
4 0.49663517441860466 0.507643391521197 0.012921511627906978 0.022169576059850375
4 0.46510901162790697 0.5676059850374066 0.041031976744186044 0.056059850374064836
4 0.5239970930232558 0.5278428927680798 0.037238372093023255 0.06256857855361596
3 0.45989098837209297 0.308640897755611 0.40027616279069766 0.614139650872818
