6 0.047909999999999994 0.6759609609609609 0.0299 0.11726726726726726
6 0.51813 0.6947447447447447 0.02216 0.09441441441441442
4 0.542755 0.42268768768768766 0.07851000000000001 0.15606606606606607
3 0.802005 0.4510135135135135 0.31401 0.174009009009009
6 0.408515 0.6430180180180181 0.01645 0.03375375375375375
6 0.012255 0.6783558558558559 0.02289 0.11854354354354354
6 0.35355499999999995 0.6898048048048048 0.01393 0.07873873873873874
6 0.41317 0.6910285285285286 0.01504 0.08644144144144145
6 0.42557 0.6921396396396396 0.01822 0.08584084084084084
6 0.153065 0.6526426426426426 0.02195 0.040210210210210214
6 0.44410000000000005 0.6699174174174174 0.02034 0.04106606606606607
6 0.40051 0.6914339339339339 0.013779999999999999 0.08418918918918919
6 0.337785 0.6883333333333334 0.01473 0.07654654654654654
3 0.051574999999999996 0.2503228228228228 0.09619 0.20064564564564563
3 0.39275 0.2425 0.5043 0.485
