6 0.31465542521994133 0.6652303664921466 0.04719941348973607 0.11167539267015708
6 0.8881231671554253 0.6499057591623036 0.05041055718475074 0.0916020942408377
6 0.9222434017595308 0.6401151832460733 0.03586510263929619 0.06402094240837697
6 0.6744134897360704 0.6518272251308901 0.042140762463343105 0.09538219895287958
6 0.26581378299120234 0.6705916230366492 0.07907624633431085 0.14262827225130892
6 0.23802785923753667 0.6845706806282722 0.04324046920821114 0.11037696335078534
6 0.05686950146627565 0.6817120418848167 0.057404692082111436 0.10036649214659685
6 0.625300586510264 0.6661047120418848 0.046847507331378296 0.09721465968586387
6 0.8354838709677419 0.6433979057591622 0.06240469208211144 0.09986387434554975
6 0.5186143695014662 0.6660157068062827 0.042536656891495606 0.09203141361256545
3 0.28261730205278596 0.24676439790575916 0.5427712609970675 0.4884607329842932
6 0.3826539589442815 0.6479162303664922 0.07190615835777125 0.11432460732984294
4 0.5016862170087977 0.5146335078534031 0.1406158357771261 0.1096020942408377
