6 0.86217 0.857125748502994 0.10002 0.22850299401197602
6 0.0702 0.8036377245508981 0.14008 0.38080838323353294
6 0.67992 0.8460778443113772 0.2026 0.2892215568862275
3 0.33130000000000004 0.7114071856287426 0.0792 0.05922155688622755
3 0.5106 0.33248502994011975 0.5204 0.661377245508982
6 0.15462 0.7323203592814371 0.0756 0.15332335329341318
6 0.9496700000000001 0.830808383233533 0.0999 0.32455089820359284
6 0.92033 0.8313772455089821 0.15830000000000002 0.3266467065868263
6 0.51074 0.8652994011976047 0.18159999999999998 0.26646706586826346
4 0.42469 0.7389071856287426 0.14942 0.2694311377245509
6 0.34191000000000005 0.8707784431137725 0.10937999999999999 0.257125748502994
6 0.20579 0.8112724550898205 0.34394 0.36338323353293417
