6 0.7611538461538461 0.4651440922190202 0.03473076923076923 0.11910662824207492
6 0.5400576923076923 0.507593659942363 0.027384615384615386 0.05783861671469741
6 0.13072115384615388 0.8259510086455332 0.04528846153846154 0.17489913544668587
6 0.006961538461538462 0.91321325648415 0.013923076923076923 0.16665706051873197
3 0.6033269230769231 0.48472622478386174 0.15280769230769228 0.10605187319884725
6 0.08991346153846154 0.6944524495677233 0.02478846153846154 0.08239193083573487
6 0.8227403846153846 0.5137031700288184 0.040365384615384615 0.10648414985590779
3 0.2622403846153846 0.3180115273775216 0.5244807692307693 0.6360230547550432
6 0.729375 0.723371757925072 0.04428846153846154 0.15487031700288184
6 0.5142307692307692 0.5157060518731988 0.026692307692307692 0.06230547550432277
