6 0.4878 0.904704502814259 0.102325 0.19059099437148216
6 0.78304375 0.8033067542213883 0.0327625 0.06599437148217635
6 0.6873999999999999 0.7908583489681051 0.033525 0.06117260787992495
6 0.6588687499999999 0.8209052532833021 0.0251375 0.0600281425891182
3 0.5034375 0.3868198874296435 0.908625 0.7700750469043152
6 0.5998749999999999 0.8470872420262664 0.0391 0.08880863039399625
6 0.52004375 0.838545966228893 0.0373375 0.06232645403377111
6 0.77351875 0.8071810506566603 0.0190375 0.06460600375234522
0 0.3242875 0.8674155722326454 0.040374999999999994 0.046594746716697936
0 0.27351875 0.9401500938086303 0.10321249999999998 0.1196998123827392
6 0.672775 0.8156144465290807 0.019424999999999998 0.05231707317073171
6 0.6336625 0.8249249530956848 0.034275 0.05971857410881801
6 0.461225 0.8333958724202627 0.015625 0.051163227016885554
6 0.40926874999999996 0.8373686679174484 0.0234625 0.05451219512195122
6 0.6049687499999999 0.7912429643527203 0.0142875 0.018583489681050655
6 0.42979999999999996 0.8206754221388368 0.015224999999999999 0.022870544090056285
6 0.36560625 0.8997795497185741 0.06556250000000001 0.13817073170731706
6 0.7796125 0.7685928705440901 0.020575 0.01943714821763602
6 0.56693125 0.826280487804878 0.0233125 0.051454033771106945
6 0.53105 0.8103330206378986 0.010049999999999998 0.022298311444652906
6 0.556875 0.8298874296435271 0.040674999999999996 0.05727954971857411
6 0.27039375 0.8298217636022515 0.0232375 0.025722326454033773
6 0.73753125 0.7846013133208255 0.021712500000000003 0.041735459662288935
0 0.5518437500000001 0.8386303939962477 0.0251375 0.03772983114446529
6 0.6146625 0.8110131332082551 0.018375 0.0300187617260788
6 0.32886250000000006 0.8345356472795498 0.014475 0.02601313320825516
6 0.79789375 0.7940337711069417 0.0251375 0.060600375234521574
6 0.28955 0.9179127579737336 0.095725 0.15122889305816137
6 0.29668125 0.84828330206379 0.0285625 0.04140712945590994
6 0.3979 0.8739024390243902 0.04085 0.09934333958724204
6 0.21575624999999998 0.8576454033771107 0.028312499999999997 0.05433395872420263
6 0.34124375 0.8345403377110694 0.0171375 0.02943714821763602
6 0.08016875000000001 0.922265478424015 0.1595625 0.15546904315196997
