4 0.18278 0.5423273273273274 0.11752 0.14873873873873875
4 0.27286 0.5785585585585585 0.061079999999999995 0.08216216216216216
4 0.38795999999999997 0.4762912912912913 0.030879999999999998 0.042672672672672676
3 0.6149000000000001 0.2743693693693694 0.7702 0.5433333333333333
4 0.9633 0.6098798798798799 0.0734 0.1273873873873874
6 0.048549999999999996 0.6447897897897898 0.018179999999999998 0.07678678678678678
4 0.33544 0.5728378378378378 0.01728 0.05102102102102102
4 0.90078 0.5845945945945946 0.09184 0.07087087087087088
4 0.34362 0.49908408408408406 0.015439999999999999 0.034024024024024026
4 0.46864999999999996 0.4924624624624625 0.032619999999999996 0.05669669669669669
4 0.37776000000000004 0.592972972972973 0.02444 0.026846846846846847
