6 0.6391119791666667 0.5154351851851852 0.003796875 0.02138888888888889
6 0.5998567708333334 0.5198194444444445 0.0036927083333333334 0.01887962962962963
6 0.6059765625 0.518462962962963 0.005067708333333334 0.020259259259259258
6 0.5586744791666667 0.5224305555555555 0.005338541666666667 0.02163888888888889
3 0.6182916666666666 0.3713611111111111 0.29585416666666664 0.29653703703703704
6 0.5805338541666667 0.51825 0.004984375 0.0235
6 0.6175885416666667 0.5171990740740741 0.004114583333333334 0.020120370370370372
6 0.6338489583333333 0.5159305555555556 0.004510416666666667 0.018990740740740742
6 0.5965598958333334 0.518175925925926 0.0036927083333333334 0.018407407407407407
6 0.5716692708333333 0.5193749999999999 0.003244791666666667 0.024064814814814813
6 0.6605494791666667 0.5014351851851852 0.004463541666666667 0.021611111111111112
6 0.6213854166666667 0.5172685185185186 0.00475 0.020259259259259258
6 0.6277161458333332 0.5147361111111112 0.004276041666666667 0.01800925925925926
6 0.4797265625 0.5253194444444444 0.006973958333333334 0.03258333333333333
6 0.6119687500000001 0.5179722222222223 0.00490625 0.020259259259259258
6 0.5909270833333334 0.5200601851851853 0.0045625 0.01773148148148148
