3 0.9041666666666667 0.2900666666666667 0.19166666666666668 0.5801333333333334
6 0.25509166666666666 0.5065222222222222 0.025916666666666668 0.08651111111111111
4 0.7113666666666667 0.5298555555555555 0.07146666666666666 0.15237777777777775
4 0.7380666666666666 0.6779888888888889 0.07316666666666666 0.06677777777777778
6 0.30107500000000004 0.524988888888889 0.013183333333333333 0.05668888888888889
6 0.14145833333333332 0.5081888888888889 0.02341666666666667 0.07015555555555555
6 0.14436666666666667 0.580188888888889 0.0673 0.09237777777777778
6 0.010291666666666666 0.5429 0.020583333333333332 0.1602
6 0.3406083333333333 0.5117555555555556 0.024216666666666664 0.08520000000000001
4 0.9544083333333333 0.6368333333333334 0.06215 0.083
6 0.306875 0.5011555555555556 0.02535 0.07497777777777778
6 0.126825 0.5024777777777778 0.028350000000000004 0.08806666666666667
6 0.05778333333333334 0.5848111111111112 0.06896666666666668 0.10473333333333334
6 0.21512499999999998 0.5109222222222222 0.025916666666666668 0.08651111111111111
6 0.0926 0.5761333333333333 0.047400000000000005 0.0836
6 0.47034166666666666 0.5239111111111111 0.026316666666666665 0.09715555555555555
