6 0.29953124999999997 0.5796736111111112 0.011770833333333335 0.03120833333333333
3 0.780875 0.33243750000000005 0.43825000000000003 0.44709722222222226
6 0.191234375 0.5819375 0.010385416666666668 0.04351388888888889
6 0.281171875 0.5844444444444444 0.010385416666666668 0.029444444444444443
6 0.21075520833333336 0.5809791666666667 0.010989583333333334 0.03704166666666667
0 0.733828125 0.6605833333333333 0.21042708333333332 0.2231111111111111
6 0.27128125000000003 0.5669722222222222 0.0118125 0.051055555555555555
6 0.8905 0.6539861111111112 0.09824999999999999 0.34852777777777777
6 0.22534375 0.5852569444444444 0.015020833333333334 0.029930555555555557
6 0.9733958333333332 0.6432430555555555 0.05266666666666667 0.33420833333333333
