4 0.62046875 0.6351620370370371 0.01583333333333333 0.08106481481481481
6 0.35753385416666666 0.7442962962962963 0.015973958333333333 0.05081481481481482
6 0.8890911458333334 0.7557638888888888 0.025151041666666665 0.15262037037037038
6 0.46655989583333335 0.7410462962962964 0.014161458333333333 0.06383333333333333
6 0.4485546875 0.7457037037037038 0.014161458333333333 0.06383333333333333
6 0.9402552083333333 0.7584027777777778 0.036562500000000005 0.19797222222222222
6 0.8613072916666665 0.7598842592592593 0.029531250000000002 0.15062037037037035
6 0.8388749999999999 0.7509351851851852 0.025322916666666664 0.12827777777777777
3 0.5360364583333334 0.32583333333333336 0.37188541666666663 0.5668518518518519
4 0.5838333333333333 0.7866435185185185 0.01952083333333333 0.035416666666666666
4 0.5577083333333334 0.7931574074074074 0.025 0.038685185185185184
