6 0.7360654827968924 0.9298190476190475 0.0246503884572697 0.086
6 0.33502219755826856 0.8585238095238096 0.013662597114317426 0.06260952380952381
6 0.2790288568257492 0.888104761904762 0.011620421753607104 0.06584761904761904
6 0.32869034406215314 0.8148000000000001 0.009322974472807992 0.040876190476190476
6 0.21426193118756934 0.9721238095238095 0.02492785793562708 0.05575238095238095
6 0.6173140954495006 0.8461428571428571 0.014317425083240845 0.059371428571428575
6 0.14042730299667036 0.9745809523809524 0.020987791342952276 0.05083809523809524
6 0.20028856825749167 0.9210380952380953 0.01758046614872364 0.0535047619047619
6 0.13312430632630412 0.9585904761904762 0.018368479467258603 0.0812952380952381
6 0.3099556048834628 0.8220857142857142 0.00783573806881243 0.037161904761904764
6 0.6632408435072142 0.7347047619047619 0.005416204217536071 0.038590476190476196
6 0.39420088790233077 0.8454380952380953 0.009667036625971143 0.05167619047619047
6 0.37768035516093235 0.8609047619047618 0.014850166481687015 0.06622857142857143
6 0.4153274139844617 0.8990190476190475 0.015249722530521643 0.0877142857142857
6 0.21878468368479467 0.9278952380952381 0.01537180910099889 0.054876190476190474
6 0.5705715871254162 0.729152380952381 0.007402885682574916 0.030533333333333336
6 0.18299667036625972 0.8961714285714285 0.013385127635960045 0.09843809523809524
6 0.4847558268590455 0.7845333333333333 0.013107658157602665 0.032914285714285715
6 0.6885627081021087 0.9613809523809523 0.034084350721420645 0.07723809523809523
6 0.08200887902330743 0.9387809523809524 0.028102108768035518 0.12072380952380952
6 0.5812486126526082 0.8753619047619048 0.020033296337402886 0.09780952380952382
6 0.6585127635960045 0.8666857142857143 0.02386237513873474 0.047085714285714286
6 0.3189511653718091 0.8209428571428572 0.011154273029966704 0.04859047619047619
6 0.2421587125416204 0.8589523809523809 0.016592674805771365 0.055580952380952384
6 0.3011043285238624 0.9542952380952381 0.01590455049944506 0.09064761904761906
6 0.2616370699223085 0.8961714285714286 0.014017758046614873 0.06278095238095238
6 0.6970921198668147 0.8943333333333334 0.02943396226415094 0.07918095238095238
6 0.3493729189789124 0.8636476190476191 0.010133185349611544 0.06074285714285715
6 0.19059378468368482 0.9745428571428572 0.01779134295227525 0.04733333333333334
6 0.27952830188679245 0.8368285714285714 0.010621531631520534 0.05521904761904762
6 0.10446725860155383 0.973895238095238 0.018990011098779135 0.04939047619047619
6 0.5395172031076582 0.9412761904761905 0.024406215316315205 0.11516190476190476
6 0.8061764705882353 0.9561523809523809 0.02795782463928968 0.08769523809523809
6 0.43097114317425084 0.8970761904761905 0.01295227524972253 0.07986666666666667
6 0.16949500554938957 0.9625428571428571 0.022807991120976694 0.07270476190476191
3 0.7046059933407326 0.3805714285714286 0.5284128745837958 0.7611428571428572
6 0.26935072142064376 0.9600380952380954 0.02167591564927858 0.07992380952380952
6 0.29004994450610433 0.9006 0.012663706992230855 0.08348571428571429
6 0.7717647058823529 0.9677047619047618 0.0253496115427303 0.06417142857142857
6 0.2501387347391787 0.9115333333333333 0.014994450610432853 0.05076190476190476
6 0.2658324084350721 0.8713809523809525 0.012708102108768035 0.037047619047619045
6 0.3081243063263041 0.8635238095238095 0.010832408435072141 0.06575238095238096
6 0.23658157602663707 0.9513333333333335 0.01318534961154273 0.09657142857142857
6 0.36415094339622645 0.8629238095238095 0.011098779134295227 0.055485714285714284
6 0.4420033296337403 0.8928571428571429 0.013906770255271919 0.06952380952380953
6 0.6361875693673696 0.8494952380952381 0.017103218645948947 0.04497142857142857
6 0.5067092119866814 0.7706476190476191 0.014905660377358491 0.05878095238095238
6 0.5882075471698114 0.8136380952380952 0.014084350721420643 0.030323809523809524
6 0.6184517203107657 0.9180761904761905 0.024250832408435074 0.12453333333333333
6 0.21465593784683684 0.8632380952380954 0.017192008879023307 0.06278095238095238
6 0.1556159822419534 0.9352666666666667 0.01897891231964484 0.05796190476190476
6 0.7221476137624862 0.916847619047619 0.017502774694783573 0.045047619047619045
