6 0.7618181818181818 0.5934708044099631 0.08452912357103974 0.33918334013883217
3 0.4133464888405008 0.4949591670069416 0.3304708764289603 0.21416496529195592
6 0.684795862819815 0.6004287464271131 0.06063146434403919 0.3379746835443038
6 0.20091181273816006 0.4763985300122499 0.10857376156777354 0.1824418129848918
6 0.8608777898747959 0.5745671702735811 0.05610506260206859 0.3195467537770519
4 0.3414534567229178 0.672641894650878 0.6828524768644529 0.6547162106982443
6 0.9426905280348394 0.5589240506329114 0.06987207403375068 0.34732135565536953
6 0.3518045726728362 0.5570069416088199 0.11941752857920523 0.3876602694977542
6 0.08894665215024497 0.5447243772968559 0.04995645073489385 0.21990200081665984
6 0.03093903102885139 0.559820334830543 0.06142079477408818 0.37174356880359327
3 0.20912493195427329 0.16426704777460185 0.16932226456178553 0.2385708452429563
6 0.6497305389221557 0.583350347080441 0.0559553620032662 0.3238668844426296
4 0.6379735982580294 0.5534483462637811 0.027825258573761568 0.055904450796243364
6 0.5800258573761568 0.5022948142098816 0.07228361458900381 0.19573703552470398
6 0.4951197604790419 0.5147999183340138 0.1259172563962983 0.4290935075541037
