4 0.3783641975308642 0.7144039735099338 0.11199588477366255 0.14417218543046356
4 0.7171296296296296 0.7158609271523179 0.02417695473251029 0.049072847682119204
4 0.6776234567901235 0.7313079470198676 0.04434156378600823 0.09301324503311258
4 0.24041152263374485 0.6198675496688743 0.04069958847736626 0.05311258278145695
3 0.1751028806584362 0.18397350993377484 0.33786008230452674 0.3565562913907285
4 0.8199588477366255 0.6976490066225165 0.013251028806584363 0.02218543046357616
4 0.5644444444444444 0.669205298013245 0.0665843621399177 0.14503311258278145
4 0.49490740740740735 0.8004966887417219 0.17973251028806583 0.13278145695364238
4 0.28111111111111114 0.6490728476821193 0.025308641975308643 0.04423841059602649
4 0.6118312757201646 0.7083940397350993 0.0665843621399177 0.14811258278145695
3 0.5586316872427983 0.3607615894039735 0.45228395061728394 0.721523178807947
