6 0.12022999999999999 0.41003003003003 0.014539999999999999 0.037237237237237236
6 0.09140999999999999 0.40944444444444444 0.0297 0.03966966966966967
6 0.7175 0.8324174174174174 0.2318 0.33516516516516515
3 0.2481 0.22927927927927927 0.4962 0.45855855855855854
6 0.1152 0.71496996996997 0.2304 0.5662762762762763
3 0.51424 0.5363813813813814 0.06831999999999999 0.04135135135135135
6 0.3585 0.8016516516516516 0.165 0.38936936936936933
6 0.73051 0.7611111111111111 0.29778 0.47777777777777775
4 0.47591 0.31642642642642643 0.26622 0.41063063063063066
6 0.5192599999999999 0.7880630630630631 0.18412 0.413003003003003
6 0.16842 0.7672072072072073 0.22363999999999998 0.44942942942942943
