6 0.2882727272727273 0.5878767123287671 0.03203636363636364 0.2030821917808219
6 0.7229090909090908 0.5583047945205479 0.06414545454545455 0.29955479452054795
6 0.7691636363636364 0.5411986301369863 0.04632727272727273 0.2822602739726027
6 0.806209090909091 0.4491780821917808 0.01838181818181818 0.10308219178082192
6 0.8413181818181819 0.4276541095890411 0.013072727272727274 0.07113013698630137
6 0.25083636363636364 0.6248630136986301 0.03556363636363636 0.20253424657534247
6 0.4642818181818182 0.5375342465753425 0.028454545454545455 0.16287671232876713
6 0.8273909090909091 0.4445034246575343 0.019036363636363636 0.1079109589041096
4 0.5657181818181818 0.5056506849315069 0.08529090909090908 0.18458904109589042
6 0.22552727272727274 0.6059417808219179 0.03276363636363636 0.22229452054794518
6 0.9317727272727273 0.4102054794520548 0.011909090909090909 0.06356164383561644
6 0.41257272727272726 0.5358047945205479 0.037872727272727266 0.14496575342465753
6 0.44245454545454543 0.5318664383561644 0.033745454545454544 0.1609246575342466
6 0.36555454545454547 0.5379623287671234 0.03892727272727273 0.19886986301369863
3 0.637290909090909 0.2837328767123288 0.4006909090909091 0.5674657534246575
6 0.8938545454545455 0.42373287671232873 0.02007272727272727 0.08417808219178081
6 0.3223 0.5664383561643835 0.041727272727272724 0.22308219178082192
6 0.9566909090909093 0.40482876712328764 0.024036363636363637 0.07643835616438356
