6 0.0712 0.8221428571428572 0.03955555555555556 0.21
6 0.23733333333333334 0.627358803986711 0.04377777777777778 0.1887375415282392
6 0.9335333333333333 0.7758803986710964 0.03835555555555556 0.14219269102990031
3 0.5322222222222223 0.3511627906976744 0.9355555555555556 0.7023255813953488
6 0.12151111111111111 0.8227408637873754 0.04875555555555556 0.21093023255813953
4 0.6051111111111112 0.6147840531561461 0.049777777777777775 0.10265780730897009
4 0.4625444444444444 0.531029900332226 0.15446666666666667 0.16318936877076412
6 0.8730777777777777 0.7620764119601329 0.030555555555555555 0.1282059800664452
6 0.03202222222222222 0.770531561461794 0.021955555555555558 0.08325581395348837
6 0.7600555555555556 0.8003488372093023 0.0458 0.15372093023255815
