6 0.6806976744186046 0.21662368112543962 0.02418604651162791 0.030762016412661193
4 0.5706976744186046 0.19050996483001173 0.22744186046511627 0.0729073856975381
4 0.5142790697674419 0.7628722157092613 0.17972093023255814 0.07720984759671747
6 0.7040813953488372 0.2159202813599062 0.023930232558139534 0.02935521688159437
6 0.05767441860465117 0.2170574443141852 0.05116279069767442 0.03974208675263775
3 0.6262790697674419 0.09865181711606097 0.12186046511627907 0.19730363423212194
6 0.44773255813953483 0.20966002344665885 0.031604651162790695 0.020281359906213367
6 0.09690697674418605 0.2159202813599062 0.04665116279069767 0.02935521688159437
6 0.47963953488372096 0.2161957796014068 0.020395348837209303 0.03180539273153576
6 0.5286046511627908 0.22623681125439626 0.029953488372093023 0.04021101992966002
6 0.6152441860465117 0.2211606096131301 0.027651162790697677 0.019812426729191087
3 0.5087325581395349 0.7231887456037515 0.4709069767441861 0.11587338804220398
