6 0.021380000000000003 0.3167664670658683 0.03756 0.06395209580838324
4 0.45216 0.7630089820359282 0.06512000000000001 0.030868263473053895
6 0.15892 0.35850299401197605 0.04172 0.12389221556886228
6 0.24124 0.3305389221556886 0.04088 0.12473053892215567
4 0.49454000000000004 0.4226047904191617 0.43172000000000005 0.28652694610778445
6 0.19636 0.3354341317365269 0.04392 0.13529940119760478
4 0.6446000000000001 0.6404191616766466 0.37960000000000005 0.2892215568862275
6 0.40928 0.32583832335329344 0.0394 0.07658682634730539
6 0.32089 0.31395209580838324 0.039939999999999996 0.07347305389221556
6 0.06624 0.3253892215568862 0.0396 0.049520958083832334
3 0.6760900000000001 0.24161676646706587 0.31422000000000005 0.48323353293413174
6 0.28012 0.33062874251497004 0.04752 0.1137125748502994
