3 0.4835875 0.8395 0.304325 0.13166666666666665
4 0.5103875 0.9527666666666667 0.33722499999999994 0.07
3 0.79375 0.29645 0.3885 0.5797666666666667
4 0.5586625000000001 0.37783333333333335 0.866175 0.7476666666666667
6 0.666725 0.6205333333333333 0.0365 0.07226666666666666
4 0.23925000000000002 0.9520000000000001 0.1955 0.07
3 0.8041375000000001 0.746 0.31772500000000004 0.324
6 0.7756000000000001 0.6285000000000001 0.0365 0.07226666666666666
6 0.0613875 0.6352833333333333 0.044575 0.07743333333333334
6 0.0461625 0.7484000000000001 0.046174999999999994 0.0772
0 0.314925 0.6357833333333334 0.4073 0.3580333333333333
6 0.632525 0.7507666666666667 0.03895 0.08846666666666667
6 0.32899999999999996 0.4885833333333333 0.1255 0.3328333333333333
