6 0.02535 0.778490813648294 0.032799999999999996 0.07976377952755906
3 0.61175 0.31014435695538056 0.65 0.6106824146981626
6 0.16415 0.8778477690288715 0.028050000000000002 0.05700787401574803
4 0.7506875 0.5674540682414698 0.086075 0.0516010498687664
6 0.18598750000000003 0.7678346456692914 0.028025 0.05698162729658793
6 0.33018749999999997 0.7711548556430446 0.028125 0.04887139107611549
6 0.558175 0.9690551181102364 0.028050000000000002 0.05700787401574803
4 0.48216250000000005 0.5935695538057743 0.07367499999999999 0.04330708661417323
4 0.497225 0.4457874015748031 0.34954999999999997 0.2669553805774278
6 0.40925000000000006 0.7475590551181103 0.028050000000000002 0.05700787401574803
