6 0.6324099999999999 0.552 0.05774 0.13866666666666666
6 0.015300000000000001 0.4836000000000001 0.030440000000000002 0.23909333333333332
6 0.03374 0.3955066666666667 0.06708 0.23229333333333332
3 0.94462 0.4886933333333333 0.10484 0.38592
6 0.38554999999999995 0.49216 0.12106 0.3303466666666667
6 0.11066 0.4033066666666667 0.04672 0.19066666666666668
4 0.8529 0.6661466666666667 0.29419999999999996 0.36802666666666667
3 0.6814399999999999 0.25933333333333336 0.38832 0.5186666666666667
6 0.24409999999999998 0.5055733333333333 0.21780000000000002 0.5893866666666667
6 0.07185 0.4242 0.046700000000000005 0.1596
6 0.29414999999999997 0.3640533333333333 0.0613 0.1630933333333333
