4 0.21326562500000001 0.5815555555555556 0.03409375 0.12977777777777777
3 0.6214062499999999 0.2629444444444444 0.0459375 0.10255555555555557
4 0.341578125 0.9233333333333335 0.17690625 0.09222222222222223
4 0.40015624999999994 0.27611111111111114 0.0871875 0.5522222222222223
4 0.27328125000000003 0.761388888888889 0.0753125 0.11833333333333333
3 0.359375 0.27805555555555556 0.50125 0.5561111111111111
3 0.7193750000000001 0.2515 0.136875 0.503
6 0.4805625 0.6545277777777778 0.2481875 0.6853888888888889
3 0.34646875 0.6842499999999999 0.042312499999999996 0.1105
4 0.61925 0.4820555555555555 0.0545625 0.15388888888888888
4 0.6993125 0.5283333333333333 0.1395 0.43444444444444447
3 0.76884375 0.8574999999999999 0.11481250000000001 0.20166666666666666
