3 0.7442412451361868 0.34017595307917886 0.49556420233463033 0.6803519061583577
6 0.39355058365758755 0.8537096774193549 0.20266536964980544 0.2801466275659824
6 0.37195525291828796 0.6571700879765396 0.02651750972762646 0.06859237536656891
6 0.33953307392996107 0.6563196480938417 0.03299610894941635 0.0979765395894428
6 0.04445525291828794 0.7761730205278593 0.06544747081712063 0.21369501466275662
4 0.26838521400778215 0.5245014662756599 0.060505836575875487 0.1304692082111437
6 0.9582490272373542 0.8661876832844575 0.08291828793774318 0.25683284457478006
6 0.8340856031128404 0.8822140762463344 0.050155642023346304 0.22683284457478003
3 0.21896887159533074 0.25718475073313785 0.4379377431906615 0.5143695014662757
6 0.6192023346303501 0.8180205278592375 0.06396887159533074 0.17222873900293253
6 0.574387159533074 0.8796187683284458 0.1516536964980545 0.2342521994134897
