3 0.7258875 0.7413926174496644 0.087425 0.1441275167785235
4 0.0415 0.5210906040268456 0.083 0.1001006711409396
4 0.0864375 0.7068959731543624 0.039375 0.04802013422818792
3 0.45049999999999996 0.27768456375838924 0.9009999999999999 0.5553691275167785
4 0.34833749999999997 0.7410402684563758 0.07617499999999999 0.10355704697986577
4 0.1074375 0.725520134228188 0.033624999999999995 0.049630872483221476
4 0.5529 0.6046979865771812 0.3397 0.5550335570469799
4 0.046225 0.5928187919463087 0.08105000000000001 0.03181208053691275
4 0.3149625 0.5976510067114094 0.12592499999999998 0.09060402684563758
4 0.0966 0.7859228187919464 0.0993 0.05969798657718121
4 0.1104375 0.6010067114093961 0.039625 0.025503355704697986
4 0.10625 0.6458221476510067 0.0555 0.046610738255033556
4 0.3368 0.8420805369127516 0.1065 0.051275167785234894
