6 0.4978833333333333 0.7171985815602837 0.0365 0.17326241134751774
6 0.5679749999999999 0.7082978723404255 0.019649999999999997 0.14141843971631207
6 0.5274249999999999 0.7159042553191489 0.03311666666666667 0.17109929078014185
6 0.32439166666666663 0.7249113475177306 0.024883333333333334 0.14663120567375887
6 0.6055999999999999 0.7136524822695035 0.01966666666666667 0.17624113475177305
4 0.5700083333333333 0.41507092198581563 0.09831666666666666 0.20106382978723406
6 0.2702916666666667 0.7357446808510638 0.029016666666666666 0.17354609929078013
6 0.6267916666666666 0.7156914893617021 0.03245 0.18911347517730495
6 0.3504916666666667 0.7406914893617021 0.02495 0.14109929078014183
3 0.7489333333333333 0.25301418439716317 0.39513333333333334 0.499645390070922
3 0.4451666666666667 0.27517730496453896 0.22599999999999998 0.25177304964539005
6 0.5873 0.7115248226950355 0.032233333333333336 0.18730496453900708
