6 0.1947 0.569472049689441 0.11104444444444445 0.22627329192546583
6 0.3111 0.7046739130434783 0.0478 0.3144409937888199
6 0.12775555555555554 0.7434316770186336 0.09626666666666667 0.47984472049689436
3 0.8146666666666668 0.41599378881987575 0.36400000000000005 0.8319875776397515
4 0.6294000000000001 0.9120341614906833 0.04946666666666667 0.09301242236024844
6 0.2703888888888889 0.7287577639751552 0.06842222222222222 0.36776397515527953
6 0.04348888888888889 0.7087422360248448 0.08666666666666667 0.531832298136646
4 0.6046777777777779 0.604611801242236 0.08566666666666665 0.0734472049689441
6 0.3707111111111111 0.7363975155279503 0.08968888888888889 0.33248447204968945
4 0.8390000000000001 0.7706521739130435 0.322 0.458695652173913
6 0.20776666666666668 0.7799534161490682 0.11068888888888889 0.41214285714285714
