6 0.71049 0.7508083832335328 0.09182 0.24029940119760482
4 0.18225999999999998 0.7254640718562875 0.04864 0.056437125748503
6 0.93947 0.6751796407185628 0.11366 0.3568862275449102
6 0.0833 0.6922754491017964 0.119 0.3902994011976048
3 0.7284 0.2505988023952096 0.5432 0.5011976047904192
4 0.31939 0.602125748502994 0.14478 0.16814371257485028
6 0.8473999999999999 0.6769461077844312 0.118 0.3640718562874251
6 0.61747 0.7304341317365269 0.09734000000000001 0.2744610778443114
3 0.22540000000000002 0.33562874251497005 0.45080000000000003 0.6712574850299401
4 0.23890999999999998 0.8241616766467067 0.09101999999999999 0.1151497005988024
