6 0.4165461847389558 0.9033009708737865 0.021927710843373492 0.09624595469255663
4 0.6854417670682731 0.8957766990291263 0.028313253012048192 0.04579288025889968
4 0.5105120481927711 0.7135113268608414 0.05475903614457831 0.1344660194174757
3 0.3549196787148594 0.3535598705501618 0.7086345381526103 0.7071197411003236
4 0.6018072289156626 0.7901294498381877 0.061044176706827304 0.3058252427184466
6 0.37421686746987953 0.8968284789644013 0.023453815261044175 0.1259546925566343
6 0.8753915662650602 0.8830906148867314 0.016887550200803212 0.06954692556634304
6 0.39404618473895586 0.8951132686084141 0.0198995983935743 0.11689320388349514
3 0.8390863453815262 0.9064886731391586 0.05552208835341365 0.07893203883495145
6 0.2941465863453815 0.9094983818770226 0.027369477911646588 0.13
6 0.9286144578313253 0.8873462783171523 0.02048192771084337 0.08718446601941748
4 0.6860843373493977 0.801957928802589 0.026345381526104415 0.07077669902912621
3 0.7628514056224899 0.7978964401294498 0.11244979919678715 0.12330097087378641
6 0.06903614457831324 0.9079126213592233 0.05602409638554216 0.18249190938511328
4 0.7847188755020079 0.901504854368932 0.04823293172690763 0.05116504854368932
