6 0.7834411764705882 0.9522280334728033 0.04763529411764706 0.09550209205020921
6 0.5517176470588235 0.9707217573221757 0.03068235294117647 0.05855648535564853
6 0.7028764705882352 0.9716004184100419 0.04885882352941177 0.05679916317991632
6 0.058941176470588226 0.7734100418410043 0.11776470588235294 0.38376569037656905
4 0.4945294117647059 0.7010460251046026 0.05 0.15523012552301255
3 0.37905882352941184 0.36652719665271966 0.7484705882352942 0.7330543933054393
6 0.4975235294117647 0.9269351464435147 0.047776470588235295 0.1442468619246862
4 0.4739235294117647 0.8273849372384937 0.06549411764705883 0.07192468619246863
4 0.4409235294117647 0.8851987447698745 0.03438823529411765 0.06705020920502092
4 0.626 0.7712761506276151 0.0344 0.06221757322175732
4 0.37405294117647064 0.7557426778242677 0.016105882352941175 0.03282426778242678
4 0.278 0.675418410041841 0.14047058823529412 0.3073221757322176
4 0.5439705882352941 0.8859832635983264 0.04264705882352941 0.02301255230125523
4 0.6011941176470588 0.6905125523012552 0.07838823529411765 0.06554393305439331
4 0.5384411764705882 0.8347280334728033 0.05723529411764706 0.07364016736401674
6 0.6215117647058823 0.9489748953974896 0.06921176470588235 0.1013389121338912
4 0.35802352941176474 0.8900627615062762 0.0536 0.05083682008368201
4 0.4381529411764705 0.7166004184100417 0.0436 0.1143723849372385
6 0.5293235294117647 0.952531380753138 0.04074117647058824 0.09451882845188285
