4 0.37325735294117646 0.21337301587301588 0.029073529411764706 0.027222222222222224
4 0.22535294117647056 0.4950892857142857 0.0728235294117647 0.07371031746031746
4 0.151125 0.5716468253968254 0.06922058823529412 0.09003968253968254
4 0.4466323529411764 0.45172619047619045 0.04873529411764706 0.07702380952380952
6 0.22241911764705882 0.9438988095238096 0.027808823529411764 0.05704365079365079
4 0.11914705882352943 0.6677579365079366 0.04873529411764706 0.07702380952380952
4 0.035257352941176476 0.7842559523809524 0.06683823529411766 0.12434523809523809
3 0.3327279411764706 0.10233134920634922 0.24630882352941177 0.19890873015873015
4 0.25738970588235294 0.4421527777777778 0.04757352941176471 0.049384920634920636
4 0.3690294117647059 0.47720238095238093 0.04873529411764706 0.07702380952380952
4 0.3189485294117647 0.5740972222222221 0.06445588235294117 0.08513888888888889
4 0.289360294117647 0.6327281746031745 0.04872058823529412 0.05910714285714286
6 0.19761029411764705 0.9413690476190476 0.027808823529411764 0.057063492063492066
4 0.4783014705882353 0.1433234126984127 0.03310294117647059 0.03466269841269841
4 0.18911764705882353 0.8028769841269842 0.039117647058823535 0.05099206349206349
4 0.4984044117647059 0.3917757936507936 0.03269117647058824 0.040218253968253966
4 0.013823529411764707 0.9397718253968254 0.027647058823529413 0.11291666666666667
