4 0.8066 0.7744889502762431 0.08120000000000001 0.04345303867403315
4 0.37560000000000004 0.49354972375690614 0.08 0.10698895027624308
4 0.80361 0.5814779005524862 0.05638 0.12986187845303868
4 0.36023 0.8476519337016574 0.10114 0.05331491712707183
4 0.46698 0.5162154696132597 0.07644 0.20458563535911603
3 0.12237 0.7788259668508287 0.21766 0.1788121546961326
4 0.7629 0.5561602209944752 0.041 0.10204419889502762
4 0.5324300000000001 0.5936049723756905 0.06114 0.0857182320441989
4 0.2576 0.6041436464088398 0.1036 0.1298342541436464
4 0.24837 0.8270718232044199 0.09886 0.0712707182320442
4 0.37790999999999997 0.5683425414364641 0.04218 0.06486187845303867
4 0.7004100000000001 0.7769475138121547 0.12118000000000001 0.06488950276243094
6 0.8835400000000001 0.6073480662983426 0.01764 0.05845303867403315
3 0.41462 0.26357734806629834 0.82596 0.5065469613259669
4 0.7652100000000001 0.710635359116022 0.02826 0.03220994475138122
4 0.63977 0.6106906077348067 0.14846 0.11011049723756906
4 0.84783 0.5309530386740332 0.036340000000000004 0.12980662983425414
4 0.33903000000000005 0.6058839779005525 0.05874 0.12337016574585634
4 0.58665 0.4763812154696132 0.1507 0.20303867403314918
