4 0.32426923076923075 0.7426283367556469 0.04453846153846154 0.023244353182751542
4 0.5952 0.6180698151950719 0.06406153846153846 0.08993839835728952
4 0.686076923076923 0.6123203285420944 0.04323076923076923 0.03613963039014374
4 0.5235923076923078 0.627987679671458 0.06881538461538461 0.09433264887063654
4 0.3973846153846154 0.6394250513347022 0.06769230769230769 0.04271047227926078
3 0.5899153846153846 0.39229979466119097 0.4980153846153846 0.4737166324435318
4 0.7626769230769231 0.5967453798767968 0.07156923076923077 0.12273100616016427
4 0.34380769230769237 0.6416837782340863 0.04207692307692308 0.04271047227926078
4 0.3285846153846154 0.7768172484599589 0.06775384615384615 0.0493223819301848
4 0.3968923076923077 0.7101026694045175 0.06769230769230769 0.04271047227926078
