4 0.6684479166666667 0.5235055350553506 0.1605625 0.1343911439114391
3 0.8699791666666667 0.16273062730627308 0.26004166666666667 0.32546125461254616
3 0.13911458333333335 0.1841328413284133 0.2769375 0.3682656826568266
3 0.61546875 0.22883763837638377 0.24135416666666665 0.4545018450184502
3 0.38681249999999995 0.22208487084870848 0.21341666666666667 0.4364944649446495
4 0.23715624999999999 0.46804428044280444 0.1781875 0.2453136531365314
4 0.8003750000000001 0.3525092250922509 0.12254166666666667 0.2607380073800738
4 0.08246875000000001 0.438929889298893 0.12577083333333333 0.3081180811808118
4 0.48672916666666666 0.5570848708487085 0.18879166666666666 0.22029520295202953
4 0.9308958333333333 0.4000553505535055 0.13495833333333335 0.14062730627306272
