6 0.1553068592057762 0.5461390887290168 0.012129963898916967 0.047769784172661874
6 0.16466606498194947 0.5466786570743405 0.01279783393501805 0.04956834532374101
4 0.3152797833935018 0.5722182254196643 0.1153610108303249 0.06913669064748201
6 0.21790613718411553 0.5447002398081534 0.014296028880866425 0.0460431654676259
6 0.20729241877256316 0.5488729016786571 0.012996389891696752 0.04402877697841726
3 0.645667870036101 0.2834412470023981 0.7025270758122744 0.5544604316546763
6 0.2327436823104693 0.548009592326139 0.010613718411552347 0.04863309352517986
6 0.261985559566787 0.5505995203836931 0.010613718411552347 0.05151079136690648
4 0.43842960288808663 0.5417386091127099 0.09570397111913358 0.10031175059952038
6 0.18476534296028882 0.5500239808153478 0.012563176895306859 0.05151079136690648
6 0.19397111913357398 0.5477218225419664 0.010180505415162454 0.04690647482014388
6 0.13996389891696753 0.5498561151079137 0.012129963898916967 0.05146282973621103
6 0.24389891696750904 0.5529016786570743 0.013429602888086643 0.050359712230215826
6 0.8619133574007221 0.5271462829736211 0.01768953068592058 0.0569304556354916
6 0.5175 0.5664988009592326 0.025144404332129965 0.0554916067146283
