6 0.39072727272727276 0.6546448087431694 0.023636363636363636 0.07978142076502732
6 0.13129090909090907 0.6681693989071038 0.0244 0.07437158469945356
6 0.19345454545454543 0.6927595628415301 0.03309090909090909 0.11907103825136611
6 0.3565454545454546 0.6566120218579234 0.029963636363636366 0.08491803278688524
6 0.46719999999999995 0.6462021857923497 0.03367272727272727 0.09240437158469945
4 0.6270363636363636 0.6436612021857923 0.12643636363636365 0.10065573770491804
6 0.41516363636363635 0.6550819672131148 0.025818181818181817 0.0918032786885246
4 0.8527090909090909 0.6893442622950819 0.026000000000000002 0.036830601092896174
4 0.7758 0.6474316939890711 0.07821818181818183 0.10775956284153004
6 0.38349090909090905 0.6378688524590164 0.02181818181818182 0.058469945355191254
3 0.44272727272727275 0.3308743169398907 0.7792727272727273 0.5633879781420764
6 0.22765454545454547 0.6905464480874317 0.035309090909090915 0.12240437158469944
