4 0.5532107023411371 0.7046726190476191 0.10374581939799331 0.12160714285714286
4 0.18265886287625419 0.7216964285714286 0.06872909698996656 0.12863095238095237
4 0.6674749163879599 0.7338392857142857 0.0742809364548495 0.12410714285714286
4 0.43989966555183946 0.7401190476190477 0.10414715719063546 0.14023809523809522
4 0.3348327759197325 0.7796428571428571 0.10424749163879599 0.28428571428571425
3 0.4553511705685619 0.3144345238095238 0.9107023411371238 0.6175595238095238
4 0.07403010033444815 0.7010119047619048 0.03133779264214047 0.09083333333333334
4 0.6280769230769231 0.8327380952380953 0.03588628762541806 0.05392857142857143
4 0.7228260869565217 0.5858928571428572 0.060635451505016716 0.08547619047619047
4 0.25011705685618735 0.7725297619047619 0.06518394648829431 0.1617261904761905
4 0.7460535117056857 0.7203273809523809 0.052575250836120406 0.10791666666666666
4 0.24503344481605352 0.583392857142857 0.23133779264214047 0.14035714285714285
