4 0.6056949806949807 0.5506701030927835 0.211003861003861 0.11938144329896908
3 0.7218532818532819 0.717422680412371 0.059845559845559844 0.06680412371134022
6 0.07391891891891891 0.43842783505154637 0.02583011583011583 0.08314432989690722
4 0.4202509652509652 0.26639175257731956 0.030308880308880307 0.06670103092783505
4 0.4673938223938224 0.43572164948453607 0.04938223938223938 0.07268041237113401
4 0.39357142857142857 0.5125515463917526 0.03424710424710425 0.11994845360824742
6 0.045752895752895754 0.44270618556701025 0.030579150579150578 0.0959278350515464
6 0.01936293436293436 0.4156443298969072 0.016795366795366792 0.030670103092783507
4 0.6352316602316601 0.7688144329896908 0.03146718146718147 0.06443298969072164
3 0.6144787644787644 0.1284020618556701 0.771042471042471 0.2431958762886598
0 0.022027027027027028 0.4558505154639175 0.02027027027027027 0.04943298969072165
6 0.09602316602316602 0.4343556701030928 0.023243243243243242 0.0795360824742268
3 0.13216216216216217 0.31832474226804125 0.11683397683397684 0.15335051546391754
4 0.46888030888030885 0.7814175257731959 0.12602316602316602 0.12788659793814433
6 0.007895752895752896 0.4353350515463918 0.015791505791505792 0.08015463917525774
3 0.7292277992277991 0.38917525773195877 0.05150579150579151 0.1268041237113402
