6 0.8703535353535353 0.8776176470588235 0.12097643097643097 0.24476470588235294
4 0.36136363636363633 0.6661176470588235 0.052020202020202015 0.08811764705882354
4 0.9422053872053874 0.717735294117647 0.042727272727272725 0.13488235294117648
6 0.6274747474747474 0.8915588235294117 0.1109090909090909 0.21488235294117647
3 0.8678619528619529 0.3539705882352941 0.2588888888888889 0.7079411764705882
4 0.40038720538720535 0.49776470588235294 0.1644107744107744 0.06552941176470589
4 0.982996632996633 0.6929705882352941 0.034006734006734006 0.07994117647058824
4 0.5767845117845118 0.6980588235294117 0.03808080808080808 0.09258823529411765
4 0.9609090909090908 0.5367647058823529 0.07818181818181817 0.08294117647058823
3 0.438989898989899 0.26441176470588235 0.5500336700336701 0.5288235294117647
4 0.7427441077441077 0.7797941176470589 0.026767676767676767 0.045000000000000005
4 0.25249158249158254 0.6238529411764706 0.1461952861952862 0.22664705882352942
