4 0.39806949806949804 0.8043814432989691 0.10888030888030888 0.1056701030927835
6 0.13386100386100386 0.5175257731958762 0.03845559845559846 0.10701030927835052
4 0.7133590733590733 0.7880670103092783 0.20725868725868726 0.27819587628865977
6 0.2874903474903475 0.5224742268041237 0.03567567567567568 0.13309278350515463
3 0.7685907335907336 0.35721649484536083 0.408996138996139 0.5731958762886598
6 0.19955598455598456 0.5296649484536082 0.0862934362934363 0.09891752577319589
4 0.603050193050193 0.625257731958763 0.1698069498069498 0.23608247422680412
6 0.2527992277992278 0.5233762886597938 0.04042471042471043 0.12231958762886598
3 0.4895173745173745 0.552139175257732 0.09895752895752895 0.17087628865979382
4 0.4788030888030888 0.6686082474226804 0.04378378378378378 0.07463917525773196
