4 0.4894463087248322 0.45866863905325445 0.07077181208053691 0.20337278106508874
4 0.5691107382550336 0.22343195266272192 0.08929530201342281 0.06745562130177515
4 0.399010067114094 0.510621301775148 0.10506711409395973 0.3018343195266272
4 0.7254362416107382 0.9188757396449705 0.023355704697986576 0.032071005917159764
4 0.40691275167785235 0.7767751479289942 0.06449664429530201 0.1581656804733728
4 0.7519463087248323 0.23923076923076922 0.23973154362416108 0.19254437869822486
4 0.7011744966442952 0.4194674556213018 0.059664429530201346 0.15195266272189348
4 0.6361409395973154 0.9514201183431952 0.05302013422818792 0.06473372781065088
4 0.20156040268456374 0.4220414201183431 0.28365771812080537 0.3819526627218935
4 0.1763758389261745 0.944644970414201 0.14228187919463087 0.1070414201183432
4 0.6394463087248322 0.4289349112426036 0.06171140939597316 0.16189349112426035
4 0.4418959731543624 0.17461538461538462 0.15761744966442953 0.1714792899408284
4 0.5711241610738256 0.4459763313609468 0.06681208053691275 0.16366863905325443
3 0.4221476510067114 0.17514792899408282 0.8214765100671141 0.3301775147928994
3 0.283993288590604 0.7400887573964497 0.10046979865771813 0.2032544378698225
4 0.5739261744966443 0.9581360946745561 0.0653020134228188 0.056627218934911246
4 0.7828187919463088 0.45186390532544374 0.0934228187919463 0.13757396449704143
