4 0.3929090909090909 0.44781420765027324 0.26690909090909093 0.18163934426229508
3 0.3644727272727273 0.2814207650273224 0.7151272727272727 0.5530054644808743
4 0.6258181818181818 0.8382513661202184 0.11621818181818182 0.045245901639344256
4 0.5233636363636364 0.4122677595628415 0.22141818181818182 0.33546448087431696
4 0.13467272727272728 0.6658469945355191 0.082 0.1969398907103825
4 0.22474545454545455 0.6631967213114754 0.046654545454545455 0.09622950819672131
4 0.21912727272727273 0.8092896174863388 0.07825454545454545 0.05573770491803278
4 0.22263636363636363 0.4640163934426229 0.09276363636363637 0.21950819672131147
4 0.14872727272727274 0.799863387978142 0.05985454545454546 0.07109289617486339
4 0.41714545454545454 0.8273224043715848 0.2209818181818182 0.05245901639344262
