4 0.25075342465753425 0.9154069767441861 0.3978082191780822 0.1691860465116279
4 0.6294691780821918 0.26625 0.04284246575342466 0.06273255813953488
4 0.7733219178082192 0.9361337209302325 0.09321917808219178 0.09715116279069767
4 0.4104623287671233 0.1753488372093023 0.09852739726027397 0.16186046511627908
4 0.3513013698630137 0.3032267441860465 0.1515753424657534 0.07459302325581395
4 0.5961301369863014 0.7288372093023255 0.3458904109589041 0.536860465116279
3 0.9227739726027396 0.604360465116279 0.15445205479452057 0.488953488372093
3 0.2896746575342466 0.15523255813953488 0.2638013698630137 0.3081395348837209
3 0.7366438356164383 0.23374999999999999 0.5267123287671234 0.4627325581395349
4 0.4434075342465753 0.4923837209302325 0.3261986301369863 0.3882558139534884
