6 0.03683636363636363 0.6973497267759563 0.038327272727272724 0.15196721311475409
6 0.7852545454545454 0.7104918032786885 0.028472727272727275 0.10786885245901638
4 0.6829090909090909 0.4573770491803279 0.20945454545454545 0.20218579234972678
3 0.32918181818181813 0.28262295081967215 0.12127272727272728 0.12218579234972678
6 0.11274545454545455 0.7022131147540983 0.037200000000000004 0.14103825136612022
4 0.4817636363636363 0.30166666666666664 0.1921090909090909 0.2455191256830601
6 0.6523272727272728 0.6712568306010929 0.023345454545454544 0.09442622950819672
6 0.16421818181818182 0.7027322404371584 0.03534545454545455 0.14808743169398908
6 0.8617636363636363 0.674863387978142 0.022145454545454545 0.0746448087431694
6 0.5290545454545454 0.6879234972677595 0.018545454545454546 0.08273224043715847
6 0.07636363636363637 0.7036065573770492 0.04 0.13901639344262295
3 0.6947272727272727 0.2122950819672131 0.6018181818181818 0.4027322404371585
6 0.3810727272727273 0.7072950819672131 0.042072727272727276 0.16344262295081968
