4 0.9236567164179105 0.3191755319148936 0.1526865671641791 0.13207446808510637
4 0.050541044776119405 0.6025265957446809 0.01705223880597015 0.03420212765957446
4 0.7848320895522388 0.31162234042553194 0.09272388059701493 0.13037234042553192
4 0.5549067164179105 0.3129521276595744 0.04667910447761194 0.08813829787234043
4 0.04656716417910448 0.3705053191489362 0.09313432835820896 0.18888297872340423
4 0.667518656716418 0.3165691489361702 0.058097014925373135 0.11824468085106384
4 0.02466417910447761 0.7374202127659574 0.048582089552238805 0.07377659574468085
4 0.17007462686567162 0.30622340425531913 0.09208955223880597 0.125
4 0.2987686567164179 0.3255585106382979 0.05298507462686567 0.06835106382978723
4 0.4175932835820895 0.3025265957446808 0.11130597014925372 0.12207446808510639
