4 0.8679555555555555 0.2911333333333333 0.10595555555555555 0.12804444444444443
6 0.08493333333333333 0.5782444444444444 0.10755555555555556 0.2010222222222222
3 0.8816 0.5879111111111112 0.2368 0.41404444444444444
4 0.26797777777777776 0.38884444444444444 0.04671111111111111 0.07137777777777778
3 0.6068888888888889 0.17822222222222223 0.7862222222222223 0.35644444444444445
4 0.5386888888888889 0.3560888888888889 0.1707111111111111 0.06124444444444444
4 0.7103333333333333 0.38804444444444447 0.048933333333333336 0.0464
4 0.5728444444444445 0.8126444444444444 0.36186666666666667 0.07248888888888888
4 0.3525777777777778 0.35428888888888893 0.053955555555555555 0.07862222222222223
4 0.7715333333333333 0.3983555555555556 0.024488888888888886 0.012888888888888889
