6 0.8298333333333334 0.6992261904761905 0.0262 0.09261904761904763
4 0.6810166666666667 0.4069940476190476 0.07503333333333334 0.15386904761904763
4 0.7870666666666667 0.45690476190476187 0.0172 0.04690476190476191
3 0.5853 0.5533333333333333 0.20193333333333333 0.14750000000000002
3 0.46649999999999997 0.23854166666666665 0.7336666666666667 0.475297619047619
3 0.12268333333333334 0.5977678571428572 0.18796666666666667 0.17291666666666666
3 0.34745 0.6287797619047618 0.26616666666666666 0.3038690476190476
6 0.04398333333333333 0.7544940476190477 0.0569 0.12232142857142858
4 0.4941166666666667 0.713452380952381 0.28863333333333335 0.13833333333333334
6 0.8572833333333333 0.7095238095238094 0.0257 0.08452380952380951
