4 0.4568617021276596 0.8767977528089889 0.022659574468085104 0.03775280898876404
4 0.3274645390070922 0.749438202247191 0.04429078014184397 0.1808988764044944
4 0.21906028368794325 0.48477528089887634 0.026063829787234042 0.0448314606741573
4 0.34845744680851065 0.4383988764044944 0.04315602836879433 0.0602808988764045
4 0.3980496453900709 0.5567415730337079 0.15851063829787235 0.17415730337078653
4 0.625177304964539 0.6676966292134832 0.12432624113475178 0.23112359550561798
4 0.6830673758865248 0.8875842696629214 0.08343971631205674 0.05752808988764045
4 0.39356382978723403 0.7337078651685393 0.04819148936170213 0.17640449438202246
4 0.41849290780141846 0.4272191011235955 0.0424468085106383 0.05230337078651685
4 0.5039539007092199 0.47300561797752805 0.09769503546099291 0.11870786516853932
4 0.6192198581560284 0.48424157303370785 0.10787234042553193 0.1501685393258427
4 0.24289007092198583 0.824747191011236 0.10556737588652482 0.06634831460674158
4 0.425709219858156 0.16882022471910113 0.18829787234042553 0.3039325842696629
4 0.5178900709219859 0.6380337078651686 0.07663120567375886 0.21494382022471908
4 0.25982269503546096 0.6434269662921348 0.1125531914893617 0.299438202247191
4 0.35129432624113477 0.8583426966292135 0.11578014184397163 0.06387640449438202
4 0.42281914893617023 0.8718539325842697 0.018191489361702128 0.027865168539325844
4 0.28326241134751773 0.3782303370786517 0.06794326241134752 0.13735955056179774
