4 0.6748282442748091 0.556875 0.17477099236641222 0.105
4 0.5274809160305344 0.6646614583333333 0.048091603053435114 0.03057291666666667
4 0.3327480916030534 0.6619791666666667 0.03557251908396947 0.026979166666666665
4 0.2445992366412214 0.34377604166666664 0.07973282442748092 0.14505208333333333
4 0.4517175572519084 0.28281249999999997 0.27900763358778624 0.16874999999999998
3 0.4116412213740458 0.17552083333333335 0.5553435114503816 0.3510416666666667
4 0.46784351145038167 0.15971354166666665 0.07248091603053435 0.14661458333333333
4 0.47242366412213743 0.4516145833333334 0.10935114503816794 0.1728125
4 0.29385496183206106 0.6651041666666667 0.023740458015267175 0.024270833333333335
4 0.6016984732824427 0.43432291666666667 0.14614503816793892 0.14052083333333334
4 0.6856106870229007 0.6646354166666667 0.15480916030534353 0.04416666666666667
4 0.28858778625954196 0.23075520833333332 0.0316030534351145 0.07640625
