3 0.819894366197183 0.10310734463276836 0.3566901408450704 0.2062146892655367
4 0.5975 0.4878813559322034 0.03366197183098592 0.056666666666666664
3 0.4231690140845071 0.598954802259887 0.058309859154929575 0.16367231638418078
4 0.20170774647887324 0.6085028248587571 0.05362676056338028 0.1468361581920904
3 0.068943661971831 0.5756214689265537 0.1367605633802817 0.1188135593220339
4 0.33070422535211264 0.653813559322034 0.03922535211267606 0.05395480225988701
4 0.8210387323943661 0.24045197740112995 0.04806338028169014 0.07615819209039548
3 0.3244718309859155 0.2426271186440678 0.6327464788732394 0.4831073446327684
4 0.30614436619718305 0.7180790960451977 0.04193661971830986 0.05988700564971751
4 0.13649647887323943 0.6241242937853108 0.03193661971830986 0.04497175141242938
4 0.11584507042253521 0.7050847457627119 0.07042253521126761 0.103954802259887
