4 0.7034333333333334 0.37544642857142857 0.2930666666666667 0.5638690476190477
6 0.24748333333333336 0.48291666666666666 0.029633333333333334 0.19250000000000003
6 0.3851666666666667 0.45550595238095243 0.03526666666666667 0.13672619047619047
4 0.7402 0.8745535714285715 0.04633333333333334 0.05125
3 0.7340000000000001 0.22291666666666668 0.5193333333333334 0.44583333333333336
6 0.27766666666666673 0.4694345238095238 0.0358 0.20327380952380952
6 0.06805 0.4959821428571428 0.029766666666666667 0.21958333333333332
6 0.11106666666666666 0.49113095238095233 0.04446666666666667 0.25476190476190474
6 0.01265 0.46901785714285715 0.024766666666666666 0.15660714285714286
6 0.8321500000000001 0.4748214285714286 0.020633333333333333 0.10523809523809524
6 0.4141166666666667 0.4550595238095238 0.03376666666666667 0.14476190476190476
6 0.0391 0.47800595238095245 0.028133333333333333 0.19113095238095237
