6 0.8814833333333333 0.43375 0.0179 0.09095238095238095
6 0.8278 0.42235119047619046 0.020266666666666665 0.10244047619047619
6 0.8040166666666666 0.41958333333333336 0.018166666666666668 0.10678571428571429
0 0.24126666666666666 0.4389285714285715 0.04666666666666667 0.04940476190476191
6 0.3187666666666667 0.4182738095238095 0.024333333333333332 0.11071428571428572
6 0.28746666666666665 0.4193154761904762 0.026266666666666667 0.12446428571428572
6 0.24360000000000004 0.3919047619047619 0.03933333333333334 0.08035714285714286
4 0.6020000000000001 0.2992559523809524 0.11866666666666667 0.2806547619047619
6 0.3376 0.3972619047619048 0.016 0.0744047619047619
6 0.16126666666666667 0.40279761904761907 0.03666666666666667 0.1380952380952381
3 0.7254999999999999 0.21398809523809526 0.37366666666666665 0.4279761904761905
6 0.8617499999999999 0.4331547619047619 0.026566666666666666 0.11880952380952381
4 0.6574000000000001 0.4874404761904762 0.14946666666666666 0.2661904761904762
6 0.7363333333333334 0.41458333333333336 0.024133333333333333 0.1117857142857143
6 0.8999000000000001 0.4312797619047619 0.020666666666666667 0.09601190476190476
6 0.7652 0.4242261904761905 0.025866666666666666 0.10988095238095238
6 0.19343333333333332 0.4094940476190476 0.02033333333333333 0.1000595238095238
6 0.1326 0.3675 0.016 0.07321428571428572
4 0.5093000000000001 0.3408333333333333 0.06093333333333334 0.07738095238095238
6 0.1161 0.36869047619047624 0.015666666666666666 0.06369047619047619
