4 0.141969111969112 0.2949742268041237 0.03698841698841699 0.04314432989690721
3 0.6953861003861005 0.21672680412371134 0.5320849420849421 0.4334536082474227
4 0.04397683397683398 0.3799484536082474 0.044478764478764476 0.18618556701030928
3 0.35847490347490346 0.15600515463917525 0.14011583011583012 0.3120103092783505
4 0.13455598455598455 0.6231958762886598 0.06393822393822393 0.021546391752577318
4 0.033204633204633204 0.6348711340206186 0.06332046332046332 0.03778350515463918
4 0.30225868725868726 0.40827319587628863 0.05718146718146718 0.1295360824742268
3 0.14471042471042472 0.1871134020618557 0.2850965250965251 0.36701030927835054
4 0.07901544401544401 0.29270618556701034 0.04042471042471043 0.03324742268041237
4 0.13223938223938225 0.434819587628866 0.0996911196911197 0.07644329896907216
