4 0.35344262295081963 0.7542391304347825 0.07256830601092897 0.12304347826086957
4 0.5092622950819672 0.8589855072463769 0.0753551912568306 0.020289855072463767
4 0.7461748633879782 0.807427536231884 0.2256830601092896 0.1793478260869565
4 0.7455464480874318 0.7046557971014492 0.24333333333333335 0.028152173913043477
3 0.41229508196721315 0.3701086956521739 0.8245901639344263 0.7097826086956522
4 0.3103005464480874 0.8215036231884058 0.044754098360655734 0.013007246376811594
4 0.545 0.6880072463768117 0.23153005464480872 0.02601449275362319
4 0.2955737704918033 0.7653079710144928 0.023497267759562842 0.019963768115942027
4 0.5773770491803278 0.8695471014492754 0.11103825136612022 0.03264492753623188
4 0.8654371584699454 0.7523550724637681 0.10683060109289617 0.07478260869565218
