4 0.42596525096525095 0.599819587628866 0.14536679536679536 0.48922680412371133
4 0.6285135135135135 0.46536082474226803 0.05888030888030888 0.0941237113402062
4 0.23057915057915057 0.6946907216494844 0.11722007722007721 0.18618556701030928
4 0.35214285714285715 0.8997164948453609 0.15154440154440155 0.10520618556701031
4 0.5652509652509652 0.25311855670103095 0.3111969111969112 0.19685567010309277
3 0.8598455598455598 0.17564432989690723 0.27413127413127414 0.3373711340206186
4 0.23055984555984554 0.8934278350515463 0.07138996138996138 0.06747422680412371
3 0.5939382239382239 0.08048969072164948 0.2566023166023166 0.15201030927835052
4 0.3147683397683398 0.6344329896907216 0.047142857142857146 0.06567010309278351
3 0.594980694980695 0.885360824742268 0.14548262548262547 0.09082474226804124
3 0.2471042471042471 0.3378865979381443 0.4332046332046332 0.6634020618556701
4 0.4766988416988417 0.8992783505154638 0.0788030888030888 0.028762886597938145
