4 0.46172757475083054 0.5191017964071856 0.0664451827242525 0.0725748502994012
4 0.5845847176079734 0.40023952095808385 0.14604651162790697 0.2341317365269461
4 0.5146013289036545 0.8266766467065869 0.035249169435215943 0.15994011976047906
3 0.3082890365448505 0.39290419161676654 0.6126578073089701 0.7830538922155689
4 0.7014119601328903 0.5114071856287425 0.08561461794019934 0.14065868263473053
4 0.7457142857142858 0.8063473053892215 0.20345514950166113 0.1932934131736527
4 0.947624584717608 0.7688622754491018 0.10475083056478406 0.332934131736527
4 0.8967607973421927 0.622125748502994 0.07352159468438538 0.08257485029940119
4 0.4551827242524917 0.8104191616766467 0.06744186046511629 0.12886227544910178
4 0.5737541528239203 0.8789221556886228 0.07401993355481729 0.09700598802395209
3 0.807641196013289 0.3134730538922156 0.3847176079734219 0.6269461077844312
