4 0.2975 0.2609375 0.1431679389312977 0.39999999999999997
6 0.7129770992366412 0.6284635416666666 0.047862595419847324 0.17161458333333335
6 0.9259732824427481 0.7410156249999998 0.14713740458015265 0.33369791666666665
6 0.5395419847328244 0.69515625 0.07251908396946564 0.2571875
3 0.8005152671755725 0.2837239583333333 0.39805343511450386 0.5602604166666666
6 0.8608778625954199 0.694375 0.04954198473282443 0.18875
6 0.824351145038168 0.6469531249999999 0.048320610687022904 0.17713541666666666
6 0.03782442748091603 0.5659114583333333 0.0316030534351145 0.09067708333333334
6 0.6330534351145038 0.6466927083333334 0.05526717557251908 0.12432291666666667
6 0.31746183206106876 0.61375 0.11599236641221375 0.18614583333333334
6 0.7497709923664122 0.6510677083333334 0.0382442748091603 0.13130208333333335
3 0.2245229007633588 0.14252604166666666 0.16736641221374046 0.2850520833333333
6 0.44398854961832057 0.5260677083333334 0.06064885496183206 0.09890624999999999
3 0.47179389312977105 0.25 0.2556488549618321 0.33229166666666665
