6 0.6376666666666667 0.3233035714285714 0.03493333333333334 0.19672619047619047
3 0.5050166666666667 0.19982142857142857 0.12583333333333332 0.39964285714285713
3 0.3515 0.1601190476190476 0.18233333333333335 0.3202380952380952
4 0.52005 0.5472023809523809 0.09956666666666666 0.2944047619047619
6 0.16995 0.28532738095238097 0.029633333333333334 0.14517857142857143
6 0.011833333333333333 0.3192559523809524 0.023666666666666666 0.17232142857142857
6 0.8333833333333334 0.5051190476190476 0.03556666666666666 0.2438095238095238
4 0.6236999999999999 0.856904761904762 0.0942 0.07428571428571429
6 0.8925833333333333 0.5308333333333334 0.04416666666666667 0.24142857142857144
6 0.037200000000000004 0.2862797619047619 0.04786666666666666 0.2293452380952381
6 0.7391166666666666 0.815 0.13023333333333334 0.20309523809523808
6 0.7284833333333333 0.32261904761904764 0.04483333333333333 0.19
4 0.5334833333333333 0.8627678571428573 0.08423333333333333 0.09767857142857143
4 0.6740833333333334 0.75625 0.0985 0.19738095238095235
6 0.8561333333333333 0.5411011904761904 0.05946666666666667 0.22220238095238093
6 0.21328333333333332 0.32398809523809524 0.037233333333333334 0.15464285714285714
4 0.38356666666666667 0.43383928571428565 0.1652 0.4982738095238095
3 0.6061 0.4993452380952381 0.10613333333333333 0.17678571428571427
6 0.6088 0.3117857142857143 0.028866666666666665 0.2035714285714286
6 0.5838333333333333 0.3277083333333334 0.037 0.20529761904761906
6 0.8075 0.30431547619047616 0.040266666666666666 0.16958333333333334
6 0.6805166666666667 0.31607142857142856 0.045700000000000005 0.2180952380952381
4 0.6062333333333334 0.6390476190476191 0.052533333333333335 0.10357142857142856
6 0.9101166666666668 0.33553571428571427 0.029566666666666665 0.13702380952380952
