4 0.7078833333333333 0.8865773809523809 0.0357 0.0868452380952381
3 0.5209333333333334 0.26845238095238094 0.8801333333333334 0.5369047619047619
4 0.8404833333333334 0.8797916666666667 0.0471 0.06244047619047619
4 0.5532500000000001 0.5121130952380952 0.06989999999999999 0.13017857142857142
6 0.03986666666666666 0.680625 0.07959999999999999 0.600297619047619
4 0.8435166666666667 0.7861309523809523 0.04103333333333334 0.10583333333333333
3 0.8296000000000001 0.6508928571428572 0.12346666666666667 0.1910714285714286
4 0.6546833333333333 0.6253571428571428 0.07676666666666666 0.08821428571428572
4 0.88265 0.7122023809523809 0.05243333333333333 0.1261904761904762
4 0.7435833333333334 0.8879166666666668 0.0281 0.08142857142857143
4 0.5874499999999999 0.6369047619047619 0.03343333333333333 0.10583333333333333
6 0.25630000000000003 0.5115476190476191 0.023466666666666667 0.11023809523809523
6 0.2922666666666667 0.5217559523809524 0.027466666666666667 0.10398809523809523
4 0.66835 0.755625 0.07523333333333333 0.11803571428571427
6 0.9502 0.5854464285714286 0.0274 0.12386904761904761
6 0.14073333333333332 0.6755654761904762 0.14086666666666667 0.5158928571428572
4 0.5555166666666667 0.6199404761904762 0.02736666666666667 0.0719047619047619
