4 0.37224193548387097 0.28776073619631903 0.14041935483870968 0.40582822085889575
3 0.16166129032258064 0.18659509202453986 0.06183870967741936 0.19269938650306748
3 0.5560967741935483 0.19319018404907976 0.28316129032258064 0.36576687116564416
4 0.1998709677419355 0.2661042944785276 0.12045161290322581 0.42141104294478526
4 0.6836451612903226 0.5002147239263803 0.06838709677419355 0.12312883435582822
4 0.5423064516129033 0.38487730061349695 0.06654838709677419 0.14570552147239263
3 0.23985483870967744 0.4833742331288343 0.20861290322580645 0.21828220858895706
4 0.41835483870967743 0.4299693251533742 0.04638709677419355 0.11797546012269938
4 0.7853225806451613 0.4646625766871165 0.041935483870967745 0.07975460122699386
4 0.6608387096774194 0.36233128834355827 0.04103225806451613 0.1456441717791411
4 0.5637419354838711 0.6875153374233128 0.06019354838709678 0.03294478527607362
3 0.3024193548387097 0.18435582822085889 0.19258064516129034 0.3576687116564417
