6 0.6849895833333334 0.7209953703703704 0.010208333333333335 0.0631574074074074
6 0.5845286458333333 0.7513240740740741 0.02600520833333333 0.06012962962962963
6 0.6492890625 0.7916111111111112 0.053484375 0.11933333333333333
6 0.7317760416666667 0.8469490740740742 0.05107291666666667 0.16828703703703704
4 0.5368489583333333 0.5137962962962963 0.017864583333333333 0.09225925925925926
6 0.74890625 0.7313009259259259 0.020833333333333332 0.09075000000000001
3 0.5932291666666667 0.3093425925925926 0.17635416666666667 0.6026111111111112
6 0.6537499999999999 0.7115555555555556 0.013885416666666667 0.04137037037037037
6 0.8042135416666666 0.8719305555555555 0.09323958333333333 0.2514537037037037
6 0.6119348958333333 0.7481435185185185 0.023682291666666667 0.08275
6 0.67509375 0.7140277777777777 0.010208333333333335 0.05324074074074074
6 0.6635234375 0.7119074074074074 0.010890625 0.039314814814814816
6 0.6376614583333333 0.7116018518518519 0.014291666666666668 0.043555555555555556
6 0.8211927083333334 0.7888472222222221 0.09782291666666666 0.2334351851851852
6 0.39813802083333333 0.7429305555555555 0.033515625 0.07526851851851853
4 0.5384296875000001 0.605564814814815 0.025817708333333335 0.05081481481481482
6 0.5286562499999999 0.7374953703703703 0.015333333333333334 0.0665462962962963
6 0.5686354166666666 0.7274398148148148 0.0151875 0.05662037037037037
