3 0.6250182291666667 0.2702777777777778 0.3193072916666667 0.5405555555555556
6 0.8065234374999999 0.08268981481481483 0.013192708333333332 0.04762037037037037
6 0.8646119791666667 0.1104537037037037 0.014651041666666666 0.04116666666666667
6 0.8776067708333334 0.3602222222222222 0.029984375 0.06481481481481481
6 0.8344869791666666 0.06168518518518519 0.006890625 0.022407407407407407
6 0.1064453125 0.16362962962962962 0.022401041666666666 0.056962962962962965
6 0.8859036458333333 0.5268796296296296 0.028213541666666668 0.06392592592592593
6 0.8485677083333333 0.10019444444444443 0.016541666666666666 0.053907407407407404
6 0.32322656250000004 0.07087962962962963 0.012494791666666666 0.051944444444444446
6 0.27602083333333327 0.09355555555555554 0.011625 0.048907407407407406
6 0.80859375 0.9876805555555557 0.03675 0.024638888888888887
6 0.7750208333333333 0.24732407407407409 0.01896875 0.05996296296296297
4 0.6461328125 0.5626898148148148 0.12293229166666667 0.20550925925925925
6 0.077890625 0.3108842592592593 0.024385416666666666 0.06049074074074074
6 0.8286770833333333 0.07796296296296297 0.007875 0.03746296296296296
6 0.48835416666666664 0.20056944444444444 0.018572916666666665 0.05547222222222222
6 0.19548697916666669 0.16892592592592592 0.015026041666666667 0.05646296296296296
6 0.16553645833333333 0.15113425925925925 0.020385416666666666 0.05717592592592593
6 0.14732552083333333 0.14698611111111112 0.015828125000000002 0.04699074074074074
6 0.8703411458333332 0.842337962962963 0.029901041666666666 0.0795462962962963
6 0.8752239583333333 0.1198611111111111 0.018666666666666668 0.03529629629629629
6 0.8420677083333333 0.08933796296296297 0.016145833333333335 0.056712962962962965
6 0.06107552083333333 0.04768055555555555 0.018432291666666666 0.045879629629629624
