3 0.49567045454545455 0.27398976982097184 0.9654772727272727 0.5359079283887468
6 0.43842045454545453 0.6686828644501278 0.14456818181818182 0.07534526854219949
6 0.9236022727272728 0.6928516624040921 0.07202272727272728 0.16838874680306906
6 0.9542727272727274 0.7348273657289003 0.08822727272727272 0.23313299232736573
0 0.6750795454545454 0.901118925831202 0.3003863636363636 0.19707161125319694
0 0.44182954545454545 0.7571419437340154 0.17770454545454545 0.20139386189258313
4 0.4216477272727272 0.4796227621483376 0.1489318181818182 0.05945012787723786
6 0.6183636363636363 0.7083056265984654 0.14113636363636364 0.15773657289002557
1 0.951125 0.8100639386189257 0.09593181818181819 0.11263427109974425
6 0.8527272727272727 0.6940601023017903 0.08713636363636365 0.09881074168797953
6 0.0975340909090909 0.752640664961637 0.19397727272727272 0.25725063938618925
0 0.1214090909090909 0.7819693094629157 0.24227272727272725 0.20214833759590795
6 0.428125 0.7312468030690538 0.1663409090909091 0.20067774936061383
6 0.6474772727272727 0.8164514066496162 0.372 0.36592071611253196
6 0.8685454545454546 0.6932608695652174 0.05768181818181818 0.0945780051150895
6 0.9604659090909091 0.6931074168797954 0.07788636363636364 0.14941176470588236
