6 0.47128000000000003 0.6929733333333333 0.027440000000000003 0.07858666666666667
3 0.08159999999999999 0.22632000000000002 0.16319999999999998 0.28624
6 0.7425999999999999 0.8206933333333333 0.31239999999999996 0.3577066666666666
6 0.27741999999999994 0.6882799999999999 0.02016 0.07048
3 0.48469999999999996 0.21253333333333335 0.2246 0.392
6 0.01627 0.8163066666666667 0.03226 0.36472000000000004
6 0.54762 0.6759333333333333 0.03356 0.07053333333333334
6 0.15114 0.8220533333333333 0.07432 0.3544533333333333
6 0.38638 0.8242133333333332 0.23843999999999999 0.35056000000000004
3 0.46126999999999996 0.5553333333333333 0.12186 0.28613333333333335
6 0.07173 0.8106933333333333 0.12490000000000001 0.3771733333333333
3 0.0722 0.5828 0.1444 0.1288
