6 0.8440494791666667 0.6633194444444445 0.08221354166666667 0.38076851851851856
4 0.5384322916666666 0.5472546296296297 0.06373958333333334 0.12586111111111112
6 0.6456432291666666 0.7183842592592593 0.160703125 0.541787037037037
3 0.45763020833333334 0.2698703703703704 0.18307291666666667 0.5180370370370371
4 0.48580729166666664 0.5627083333333334 0.047239583333333335 0.10467592592592592
6 0.042205729166666664 0.6145555555555556 0.047817708333333334 0.0893148148148148
6 0.7813619791666667 0.673712962962963 0.07560937499999999 0.38292592592592595
6 0.29882291666666666 0.7417268518518519 0.13118749999999998 0.49637962962962967
6 0.837484375 0.6617777777777778 0.06913541666666667 0.3778888888888889
6 0.10062499999999999 0.6815231481481481 0.0485 0.24012037037037035
4 0.5054947916666667 0.6238101851851852 0.04453125 0.031453703703703706
4 0.551296875 0.6074722222222223 0.04448958333333333 0.04764814814814815
