3 0.6199401041666667 0.20630555555555555 0.577828125 0.40594444444444444
4 0.38802604166666665 0.4378888888888889 0.035729166666666666 0.04724074074074074
6 0.8609505208333332 0.7771250000000001 0.014505208333333333 0.033935185185185186
4 0.5554114583333333 0.23130092592592594 0.05477083333333333 0.12171296296296295
6 0.9804348958333333 0.6251435185185185 0.015276041666666665 0.03397222222222222
4 0.388109375 0.31042592592592594 0.04497916666666667 0.13581481481481483
6 0.8697369791666667 0.7811898148148149 0.013755208333333333 0.03391666666666667
6 0.968203125 0.6224259259259259 0.012239583333333333 0.03940740740740741
4 0.38409895833333335 0.5293148148148149 0.024760416666666667 0.027703703703703706
6 0.9773854166666667 0.8157500000000001 0.017562499999999998 0.03392592592592593
