6 0.6010222222222221 0.7560800744878958 0.025955555555555555 0.1889199255121043
6 0.5034277777777778 0.7368808193668529 0.020433333333333335 0.09245810055865922
6 0.7000055555555555 0.693147113594041 0.02578888888888889 0.14033519553072626
6 0.8583388888888889 0.5797858472998138 0.02332222222222222 0.14433891992551212
3 0.8423333333333333 0.35089385474860335 0.12733333333333333 0.231024208566108
6 0.5226722222222222 0.6564711359404096 0.01927777777777778 0.05614525139664804
6 0.7755666666666666 0.6737150837988827 0.02657777777777778 0.1548417132216015
6 0.9231111111111111 0.5214711359404096 0.018444444444444447 0.11459962756052142
6 0.5226722222222222 0.7019832402234636 0.01927777777777778 0.09286778398510241
6 0.5503333333333333 0.6587430167597765 0.013777777777777778 0.06348230912476722
6 0.7322500000000001 0.6783054003724395 0.028522222222222223 0.15564245810055866
6 0.3403888888888889 0.8469553072625698 0.0258 0.13871508379888267
6 0.45375 0.3700837988826816 0.015944444444444445 0.044450651769087524
6 0.6241611111111112 0.7367690875232774 0.02861111111111111 0.1669832402234637
6 0.8054277777777777 0.631145251396648 0.02921111111111111 0.1593482309124767
6 0.06731111111111111 0.4585195530726257 0.023822222222222224 0.08035381750465549
6 0.44805555555555554 0.44364059590316574 0.011222222222222222 0.05350093109869646
6 0.29836111111111113 0.446098696461825 0.01927777777777778 0.07242085661080075
6 0.9101944444444445 0.569292364990689 0.02572222222222222 0.1388826815642458
6 0.8380722222222222 0.5926722532588454 0.026522222222222225 0.13756052141527003
6 0.9631777777777778 0.5827839851024208 0.03933333333333333 0.1904096834264432
6 0.37958888888888886 0.8337430167597765 0.021666666666666667 0.13247672253258846
6 0.7550222222222222 0.6904096834264432 0.02613333333333333 0.1564245810055866
6 0.643661111111111 0.7294785847299814 0.020055555555555556 0.16271880819366852
6 0.11938888888888889 0.45429236499068903 0.017666666666666667 0.06981378026070764
6 0.43086111111111114 0.8043947858472998 0.02858888888888889 0.12603351955307263
6 0.4975833333333333 0.6612011173184358 0.01927777777777778 0.08739292364990689
6 0.6697166666666666 0.6115456238361267 0.017233333333333333 0.06368715083798883
3 0.7009444444444445 0.394608938547486 0.14055555555555554 0.25141527001862196
6 0.54065 0.7292830540037244 0.02518888888888889 0.10720670391061453
6 0.39782222222222224 0.813268156424581 0.0236 0.12180633147113594
6 0.5614611111111111 0.6910055865921788 0.018477777777777777 0.08949720670391062
6 0.6625888888888889 0.7092085661080074 0.027666666666666666 0.16206703910614526
6 0.04853888888888888 0.4875418994413408 0.018477777777777777 0.07929236499068901
6 0.18415555555555557 0.42436685288640597 0.019244444444444446 0.08337057728119181
