6 0.17238541666666668 0.6995509259259259 0.18793749999999998 0.5814907407407407
3 0.3648776041666667 0.3105740740740741 0.10415104166666667 0.34170370370370373
6 0.33412760416666665 0.7711851851851852 0.03969270833333333 0.25116666666666665
3 0.59875 0.2890138888888889 0.3638541666666667 0.5746944444444444
6 0.460796875 0.6595370370370371 0.03147916666666666 0.11594444444444445
6 0.6617526041666667 0.7810601851851853 0.394984375 0.4378796296296297
6 0.1494140625 0.7020648148148149 0.061046874999999994 0.15575925925925926
6 0.4608359375 0.7102314814814814 0.034359375 0.18314814814814817
6 0.8475130208333332 0.7268796296296296 0.035015625 0.17009259259259257
6 0.2846119791666667 0.7946527777777777 0.061109375 0.3026388888888889
4 0.5186458333333334 0.5712962962962963 0.07112500000000001 0.19568518518518518
3 0.24396354166666664 0.4255555555555556 0.06527083333333333 0.09094444444444444
6 0.23798958333333334 0.7362777777777778 0.03972916666666667 0.22257407407407406
