4 0.5257420091324201 0.9281796690307329 0.0423972602739726 0.06680851063829787
6 0.10442922374429223 0.7573404255319148 0.016712328767123287 0.04002364066193853
6 0.20616438356164382 0.7627068557919622 0.016712328767123287 0.04002364066193853
6 0.2530936073059361 0.7763947990543736 0.015639269406392695 0.03921985815602837
3 0.5953196347031964 0.44183215130023645 0.8029680365296803 0.8836643026004729
6 0.14216894977168948 0.7540780141843971 0.016712328767123287 0.04002364066193853
6 0.2780365296803653 0.7700236406619386 0.01684931506849315 0.03985815602836879
4 0.459041095890411 0.8778959810874705 0.09333333333333334 0.05319148936170213
6 0.6975114155251141 0.7729432624113476 0.01310502283105023 0.04068557919621749
6 0.16105022831050225 0.7540780141843971 0.016712328767123287 0.04002364066193853
