6 0.33790000000000003 0.9156156156156156 0.09984 0.16594594594594594
6 0.094315 0.891493993993994 0.056909999999999995 0.13463963963963965
6 0.1479 0.9130930930930931 0.0697 0.17204204204204204
6 0.9466950000000001 0.7762987987987988 0.03019 0.0546996996996997
6 0.59024 0.9184984984984985 0.08982 0.161021021021021
6 0.74425 0.7817867867867867 0.0265 0.05456456456456457
6 0.27692500000000003 0.6949099099099099 0.022949999999999998 0.0763063063063063
6 0.41866 0.9107882882882884 0.07392 0.17743243243243242
6 0.27653000000000005 0.7939414414414414 0.02794 0.08127627627627627
4 0.470705 0.5287312312312312 0.12589 0.12593093093093094
6 0.05201 0.8200525525525527 0.040979999999999996 0.09746246246246246
6 0.49834999999999996 0.9348348348348349 0.1093 0.12522522522522522
3 0.62225 0.31584084084084085 0.7555 0.5665165165165166
6 0.20302999999999996 0.8975225225225225 0.09766 0.20372372372372374
6 0.68224 0.9079504504504505 0.04972 0.11710210210210209
6 0.270435 0.9125600600600601 0.08019 0.17301801801801803
6 0.03411 0.9045645645645647 0.068 0.1875075075075075
4 0.35021 0.5836261261261261 0.047439999999999996 0.03487987987987988
