4 0.5021901041666667 0.4417638888888889 0.032713541666666665 0.055435185185185185
6 0.5111588541666667 0.5287546296296297 0.025338541666666665 0.08645370370370371
6 0.7196380208333333 0.5199212962962962 0.016005208333333333 0.05491666666666667
6 0.5943072916666666 0.740837962962963 0.15004166666666666 0.5136944444444445
3 0.6169531250000001 0.23106481481481483 0.5175520833333334 0.46212962962962967
6 0.19490885416666667 0.7348657407407407 0.13891145833333332 0.5200648148148148
6 0.7315729166666667 0.7454814814814815 0.10385416666666666 0.49837037037037035
6 0.34690625 0.7300694444444443 0.12339583333333333 0.5351203703703703
6 0.8025755208333333 0.7397268518518518 0.14358854166666665 0.5114537037037037
4 0.42151822916666665 0.4215833333333333 0.020203125 0.04190740740740741
