6 0.85155 0.40107250755287005 0.08318 0.3330815709969788
6 0.6034400000000001 0.4314501510574018 0.11424 0.368036253776435
6 0.65653 0.45820241691842906 0.12698 0.38395770392749246
4 0.35589 0.29040785498489424 0.3441 0.5330211480362538
6 0.018879999999999997 0.372416918429003 0.0368 0.16531722054380665
6 0.08561 0.3624320241691843 0.037219999999999996 0.14045317220543807
6 0.7521599999999999 0.3656797583081571 0.055 0.17957703927492447
4 0.34551 0.5854833836858007 0.13698 0.1253474320241692
6 0.052340000000000005 0.36540785498489425 0.03532 0.15691842900302114
3 0.1691 0.28700906344410876 0.3182 0.5740181268882175
6 0.7368899999999999 0.343202416918429 0.03082 0.13963746223564955
6 0.80828 0.3309969788519638 0.03084 0.11558912386706947
