0 0.7021272727272727 0.8528356164383563 0.11458181818181819 0.09991780821917808
0 0.039827272727272725 0.9328630136986301 0.07943636363636364 0.10227397260273972
0 0.34468181818181814 0.918109589041096 0.12358181818181818 0.16010958904109587
6 0.8320636363636364 0.7785068493150685 0.02990909090909091 0.06704109589041096
3 0.4023636363636363 0.34342465753424656 0.7512727272727272 0.6868493150684931
6 0.8010181818181819 0.7556438356164383 0.02458181818181818 0.09375342465753424
0 0.45629999999999993 0.9324520547945206 0.12369090909090909 0.12906849315068494
0 0.7809545454545456 0.8633561643835617 0.06652727272727273 0.11136986301369863
6 0.6680636363636364 0.7573287671232877 0.02663636363636364 0.07093150684931507
0 0.8601090909090909 0.8767534246575343 0.1610909090909091 0.14923287671232877
1 0.6107636363636364 0.8673287671232878 0.11254545454545455 0.1221095890410959
0 0.4869272727272727 0.8730821917808219 0.13672727272727273 0.17695890410958906
6 0.8606545454545454 0.8256438356164384 0.06632727272727272 0.16712328767123288
0 0.9737545454545453 0.8862739726027398 0.05187272727272727 0.09835616438356164
6 0.6355909090909091 0.7491506849315068 0.02663636363636364 0.07090410958904109
6 0.5467818181818183 0.7744931506849315 0.020945454545454545 0.1023013698630137
6 0.23140909090909093 0.7638356164383562 0.02663636363636364 0.07090410958904109
6 0.33204545454545453 0.8728630136986302 0.09961818181818181 0.24923287671232877
6 0.25465454545454547 0.7817534246575343 0.021236363636363637 0.11978082191780821
6 0.2740636363636364 0.789931506849315 0.029945454545454542 0.11328767123287671
6 0.39935454545454546 0.7990547945205481 0.03598181818181818 0.12556164383561644
6 0.17129090909090908 0.8397397260273972 0.05614545454545455 0.18835616438356165
6 0.6057363636363636 0.8179315068493149 0.06347272727272726 0.16353424657534246
0 0.13687272727272728 0.868082191780822 0.13461818181818183 0.1317808219178082
6 0.019854545454545455 0.8348767123287671 0.03970909090909091 0.1587945205479452
6 0.6952727272727273 0.8219041095890411 0.05370909090909091 0.15947945205479452
0 0.2194909090909091 0.8452328767123287 0.05992727272727273 0.0761095890410959
6 0.4551909090909091 0.8783561643835617 0.07845454545454546 0.19813698630136983
