4 0.26408593750000003 0.6502592592592592 0.031192708333333333 0.03175925925925926
1 0.7616822916666667 0.9154537037037036 0.3109166666666667 0.16581481481481483
4 0.5772083333333333 0.6694212962962962 0.011270833333333334 0.02787962962962963
6 0.76946875 0.7835601851851852 0.17577083333333335 0.4235648148148148
4 0.510875 0.6148796296296296 0.07472916666666667 0.15468518518518518
6 0.8679296875000001 0.7612824074074074 0.05394270833333333 0.23680555555555555
3 0.3598880208333333 0.2544722222222222 0.167484375 0.49272222222222223
6 0.89696875 0.6895185185185184 0.025427083333333333 0.1415
3 0.6420052083333334 0.2981435185185185 0.34203125 0.596287037037037
3 0.13100781250000001 0.17750925925925926 0.09483854166666666 0.17762962962962964
