6 0.8733009708737864 0.804018691588785 0.24608414239482201 0.3881121495327103
6 0.8680339805825243 0.6290794392523364 0.17911003236245954 0.1362336448598131
4 0.45115695792880267 0.49851869158878503 0.050469255663430426 0.028757009345794393
6 0.9619498381877023 0.6336869158878504 0.07610032362459547 0.12290654205607476
3 0.3645388349514563 0.26088317757009344 0.7133818770226538 0.518233644859813
6 0.3484466019417476 0.611341121495327 0.12236245954692557 0.16098130841121494
6 0.5641990291262136 0.6391448598130841 0.12014563106796117 0.21055140186915888
6 0.22322006472491907 0.7796635514018692 0.33786407766990295 0.4397196261682243
6 0.5284304207119741 0.559429906542056 0.05320388349514563 0.04403738317757009
6 0.5166666666666667 0.805733644859813 0.5116828478964401 0.387392523364486
6 0.4379935275080906 0.5896448598130841 0.05320388349514563 0.06145794392523365
6 0.47877831715210356 0.5691635514018691 0.0673948220064725 0.07374766355140186
6 0.7256148867313916 0.670556074766355 0.14407766990291263 0.23142990654205606
6 0.13385922330097086 0.6085934579439252 0.0762621359223301 0.14236448598130844
6 0.4566181229773463 0.5896448598130842 0.07980582524271845 0.0471214953271028
6 0.6453640776699029 0.649322429906542 0.08189320388349515 0.204607476635514
6 0.9052831715210357 0.5804299065420561 0.0904368932038835 0.07579439252336448
6 0.0865453074433657 0.621822429906542 0.10179611650485436 0.18865420560747664
