4 0.7812 0.6152916666666666 0.0232 0.02298333333333333
3 0.49922222222222223 0.28325 0.9984444444444445 0.5665
4 0.8096444444444445 0.6131833333333334 0.028311111111111113 0.0233
4 0.8574333333333333 0.5724166666666668 0.04473333333333333 0.0118
4 0.9032111111111111 0.5800416666666667 0.02762222222222222 0.030549999999999997
4 0.9132111111111111 0.6556583333333333 0.018644444444444446 0.026416666666666665
4 0.9377000000000001 0.6670499999999999 0.02908888888888889 0.0088
4 0.6379444444444444 0.5721499999999999 0.015533333333333333 0.0077666666666666665
4 0.6226333333333334 0.5968833333333333 0.027844444444444442 0.0455
4 0.8182444444444446 0.63805 0.031822222222222224 0.0202
4 0.8355444444444444 0.67585 0.1602 0.022266666666666667
4 0.6534000000000001 0.6621333333333332 0.09933333333333334 0.022366666666666667
4 0.6804333333333333 0.6352916666666667 0.04402222222222222 0.011916666666666667
4 0.6753333333333335 0.6065833333333334 0.0716 0.03206666666666667
4 0.8247 0.5472416666666667 0.010777777777777777 0.05095
