6 0.13138769670958514 0.9098175965665235 0.04263233190271817 0.0609656652360515
6 0.37071530758226034 0.9184442060085836 0.026008583690987123 0.08032188841201716
3 0.3828326180257511 0.3978755364806867 0.557653791130186 0.7305150214592275
6 0.39041487839771105 0.9383261802575108 0.039141630901287555 0.11978540772532188
6 0.08502145922746782 0.9053648068669529 0.042746781115879824 0.07557939914163089
6 0.027804005722460657 0.9403648068669528 0.055608011444921314 0.11570815450643777
6 0.45364806866952784 0.9377038626609442 0.03939914163090129 0.1205579399141631
6 0.8441273247496425 0.9364055793991416 0.07603719599427754 0.12414163090128756
6 0.7212231759656652 0.9199570815450644 0.0569241773962804 0.1186695278969957
6 0.18804005722460657 0.903068669527897 0.03759656652360515 0.07643776824034335
6 0.3455078683834049 0.9400751072961374 0.05155937052932761 0.11603004291845494
6 0.2267238912732475 0.9306223175965664 0.06226037195994278 0.1336480686695279
6 0.4213447782546495 0.9325214592274677 0.032532188841201716 0.13156652360515023
6 0.32158082975679547 0.9392703862660945 0.036981402002861236 0.1184549356223176
4 0.5556151645207439 0.7882510729613733 0.15346208869814018 0.21723175965665237
6 0.2628898426323319 0.9453969957081545 0.04695278969957081 0.10572961373390559
6 0.511516452074392 0.928079399141631 0.08034334763948497 0.13989270386266095
6 0.48421316165951356 0.9290665236051502 0.045450643776824035 0.12208154506437768
