3 0.202677304964539 0.3289554794520548 0.405354609929078 0.6490068493150685
3 0.8665780141843972 0.2148972602739726 0.26684397163120566 0.4297945205479452
6 0.12164893617021276 0.7989897260273972 0.039716312056737584 0.1757876712328767
6 0.4117553191489362 0.8010958904109589 0.03230496453900709 0.1534931506849315
6 0.4502127659574468 0.7787842465753425 0.017553191489361703 0.11071917808219177
3 0.7895833333333334 0.6420034246575342 0.40523049645390075 0.42647260273972604
6 0.33695035460992906 0.7719520547945206 0.014397163120567375 0.09164383561643837
6 0.08786347517730496 0.8042294520547946 0.03175531914893617 0.16845890410958902
6 0.42322695035460994 0.7995034246575342 0.014609929078014184 0.14907534246575344
6 0.3198581560283688 0.7715924657534247 0.017127659574468084 0.0911986301369863
