0 0.83776 0.8607131147540983 0.15808000000000003 0.12349180327868853
6 0.033979999999999996 0.8416885245901639 0.06795999999999999 0.09875409836065574
6 0.7173499999999999 0.8390163934426229 0.10186 0.20068852459016392
0 0.55386 0.9272540983606558 0.10672 0.11198360655737705
0 0.37377000000000005 0.9297868852459016 0.1641 0.13495081967213113
6 0.45042000000000004 0.8463770491803279 0.10012 0.16413114754098362
6 0.083 0.885655737704918 0.166 0.22842622950819672
6 0.59141 0.8279262295081967 0.053340000000000005 0.14031147540983607
6 0.54296 0.8635409836065574 0.10176 0.21596721311475411
6 0.7865999999999999 0.7952131147540983 0.059359999999999996 0.14304918032786887
6 0.6534 0.8224016393442624 0.069 0.13972131147540984
0 0.23475 0.8940983606557377 0.1641 0.12852459016393444
6 0.25063 0.8322540983606558 0.06794 0.09877049180327868
3 0.53939 0.3271311475409836 0.92122 0.6542622950819672
6 0.81794 0.8213852459016394 0.09395999999999999 0.1748360655737705
6 0.35342 0.8840409836065574 0.11588 0.22752459016393442
