6 0.8168500000000001 0.5855732484076434 0.028300000000000002 0.0859235668789809
6 0.69792 0.7199840764331211 0.01924 0.06423566878980892
6 0.75524 0.6501433121019109 0.0106 0.0530891719745223
6 0.76378 0.6731847133757962 0.01008 0.05063694267515924
6 0.88366 0.5829140127388535 0.02048 0.08060509554140127
3 0.302 0.341640127388535 0.5888 0.6603503184713375
6 0.83528 0.5876433121019108 0.01676 0.07707006369426751
6 0.85761 0.5778662420382166 0.02198 0.08
6 0.7768100000000001 0.691624203821656 0.013179999999999999 0.0543312101910828
6 0.7120799999999999 0.6560828025477706 0.00904 0.03369426751592357
