6 0.30689583333333337 0.7439874999999999 0.014875000000000001 0.039525000000000005
6 0.9187291666666666 0.9375562500000001 0.015308333333333334 0.053962500000000004
6 0.287925 0.7317625 0.015816666666666666 0.061224999999999995
4 0.70105 0.577125 0.04895 0.128175
6 0.9478125 0.9099250000000001 0.015741666666666668 0.051449999999999996
3 0.39474166666666666 0.34133750000000007 0.77365 0.6699250000000001
6 0.3166875 0.7390062500000001 0.009125 0.027737500000000002
6 0.9232458333333333 0.9117875 0.015924999999999998 0.0535
4 0.6285833333333334 0.6394937500000001 0.05616666666666667 0.1199875
6 0.8686583333333332 0.9777562500000001 0.030033333333333332 0.0414625
