6 0.4644101123595506 0.28905000000000003 0.022078651685393257 0.057699999999999994
6 0.6902247191011236 0.8303666666666667 0.03958801498127341 0.20326666666666665
6 0.8476966292134832 0.276 0.02033707865168539 0.066
6 0.8710112359550561 0.27443333333333336 0.01940074906367041 0.06286666666666667
6 0.8934269662921349 0.27358333333333335 0.02213483146067416 0.07416666666666667
4 0.3993071161048689 0.81685 0.020861423220973785 0.06363333333333333
6 0.8322378277153558 0.7630666666666667 0.039344569288389517 0.10573333333333333
6 0.764878277153558 0.28178333333333333 0.02305243445692884 0.06776666666666666
6 0.3751029962546817 0.28665 0.01941947565543071 0.057966666666666666
4 0.29086142322097375 0.8176666666666667 0.031011235955056178 0.05533333333333334
6 0.8910767790262173 0.7837333333333334 0.040655430711610485 0.0714
3 0.2421348314606742 0.49316666666666664 0.4842696629213484 0.835
6 0.5494662921348314 0.2855333333333333 0.027172284644194755 0.0652
6 0.49602059925093633 0.2886166666666667 0.01941947565543071 0.057966666666666666
6 0.7886704119850186 0.2833833333333333 0.0249063670411985 0.061233333333333334
6 0.5767977528089887 0.286 0.01797752808988764 0.06366666666666668
6 0.6369101123595506 0.8303499999999999 0.060561797752808996 0.20776666666666666
