6 0.344275 0.5733333333333334 0.051550000000000006 0.19866666666666666
6 0.622125 0.5651166666666666 0.052750000000000005 0.08776666666666666
4 0.7401625 0.5254833333333333 0.035775 0.06256666666666666
6 0.099 0.7738333333333334 0.1588 0.45166666666666666
6 0.4492125 0.6365666666666666 0.067375 0.1692
4 0.2288375 0.55455 0.044325 0.0251
6 0.39769999999999994 0.6343 0.050499999999999996 0.17233333333333334
6 0.5295125 0.6695833333333333 0.067375 0.2975
4 0.1695625 0.52445 0.028374999999999997 0.04623333333333333
6 0.40775000000000006 0.54155 0.0418 0.0813
3 0.46418750000000003 0.21963333333333335 0.9283750000000001 0.4392666666666667
3 0.8817 0.5471166666666666 0.12210000000000001 0.07296666666666667
