6 0.16585 0.8104518072289156 0.01102 0.04078313253012048
6 0.34375 0.8268975903614457 0.011859999999999999 0.03921686746987952
6 0.06501 0.8671084337349397 0.01834 0.05192771084337349
6 0.02057 0.8677259036144578 0.0145 0.04870481927710844
3 0.4894 0.32751506024096383 0.2612 0.46406626506024096
6 0.13605 0.8282530120481928 0.0155 0.04710843373493976
6 0.09495999999999999 0.8477409638554216 0.01448 0.052108433734939764
6 0.36721 0.969894578313253 0.02106 0.06021084337349397
6 0.42483 0.9759939759036146 0.02106 0.048012048192771085
6 0.1298 0.8268222891566267 0.0216 0.051777108433734946
6 0.45836999999999994 0.9743674698795181 0.02106 0.051265060240963854
