4 0.33199 0.7106306306306306 0.0389 0.08768768768768768
6 0.79102 0.40888888888888886 0.12608 0.28564564564564565
3 0.7229 0.8254354354354354 0.10324 0.1512912912912913
3 0.0261 0.6798948948948949 0.0522 0.08765765765765766
3 0.1424 0.24549549549549549 0.2848 0.4843843843843844
3 0.27711 0.6302252252252253 0.16618 0.17096096096096097
6 0.52441 0.3141891891891892 0.0595 0.2895195195195195
3 0.5459400000000001 0.5988138138138138 0.36360000000000003 0.2522822822822823
6 0.35886 0.34717717717717717 0.09395999999999999 0.2783183183183183
6 0.92004 0.3681981981981982 0.13147999999999999 0.37123123123123125
