6 0.5067340425531915 0.7360513643659711 0.01178723404255319 0.04552166934189406
6 0.37520744680851065 0.7367656500802569 0.013670212765957446 0.03414125200642055
0 0.22388297872340426 0.8214044943820225 0.04478723404255319 0.08252006420545746
0 0.9730744680851063 0.8713643659711076 0.05295744680851064 0.1282182985553772
0 0.7795159574468085 0.863852327447833 0.06215957446808511 0.11284109149277688
6 0.288468085106383 0.7641412520064206 0.02121276595744681 0.06757624398073836
6 0.3367872340425532 0.7268057784911718 0.019808510638297874 0.04552166934189406
6 0.1171063829787234 0.7776645264847513 0.04525531914893617 0.06614767255216694
6 0.860776595744681 0.8352086677367577 0.06636170212765957 0.18357945425361155
6 0.4 0.7989165329052969 0.03351063829787234 0.12743178170144462
0 0.15640425531914892 0.8827447833065811 0.07217021276595745 0.08459069020866775
0 0.040547872340425534 0.9369903691813805 0.07820212765957447 0.09292134831460674
6 0.36907978723404256 0.778370786516854 0.03158510638297873 0.0675601926163724
6 0.8252127659574469 0.7825601926163724 0.046 0.07179775280898876
6 0.4390851063829787 0.766637239165329 0.019808510638297874 0.05404494382022472
6 0.8016968085106383 0.7589566613162119 0.01754255319148936 0.08109149277688604
6 0.5253563829787234 0.7360513643659711 0.01696808510638298 0.0426645264847512
0 0.46470212765957447 0.928443017656501 0.11159574468085107 0.14311396468699839
6 0.7765212765957447 0.762199036918138 0.02319148936170213 0.06487961476725522
6 0.7287234042553191 0.7562199036918138 0.01923404255319149 0.08024077046548957
0 0.34088829787234043 0.9216693418940609 0.12624468085106383 0.156661316211878
6 0.7423031914893616 0.7617736757624398 0.021500000000000002 0.06743178170144462
6 0.5461968085106382 0.7752327447833065 0.020861702127659573 0.10115569823434993
6 0.2688404255319149 0.7925922953451043 0.024063829787234044 0.11593900481540932
1 0.6062712765957446 0.8674398073836276 0.1208404255319149 0.120561797752809
6 0.1498723404255319 0.7982905296950241 0.02970212765957447 0.07895666131621187
6 0.25546808510638297 0.787263242375602 0.01648936170212766 0.1081059390048154
0 0.8599734042553191 0.8773595505617978 0.16101063829787232 0.15006420545746388
6 0.19724468085106384 0.7531219903691814 0.017914893617021276 0.04695024077046549
6 0.4532287234042553 0.7481380417335474 0.013202127659574469 0.04552166934189406
6 0.1726063829787234 0.841701444622793 0.054765957446808504 0.18314606741573033
0 0.10480319148936171 0.8766693418940611 0.07354255319148936 0.08820224719101125
0 0.6962234042553191 0.8533788121990369 0.10959574468085106 0.10107544141252006
6 0.4567553191489362 0.8761717495987159 0.07740425531914895 0.1931139646869984
6 0.6633882978723404 0.7630497592295346 0.02545744680851064 0.058041733547351516
6 0.11115425531914894 0.8455939004815408 0.050968085106382975 0.10746388443017657
6 0.51875 0.8064686998394863 0.04054255319148936 0.11380417335473517
6 0.6951117021276595 0.8201444622792937 0.05269148936170213 0.16218298555377209
6 0.7615372340425532 0.7784109149277688 0.029414893617021275 0.05634028892455859
6 0.6321276595744681 0.7502728731942215 0.02121276595744681 0.05833065810593901
3 0.41408510638297874 0.35792134831460676 0.7105106382978723 0.7158426966292135
6 0.01992553191489362 0.8326083467094704 0.03985106382978724 0.1474317817014446
6 0.6057234042553191 0.8173354735152488 0.06459574468085107 0.1583948635634029
6 0.33094680851063835 0.8753451043338685 0.09919148936170212 0.24645264847512038
6 0.4916010638297872 0.800569823434992 0.05043617021276595 0.11096308186195826
0 0.46827659574468083 0.9016051364365972 0.16591489361702128 0.13386837881219904
6 0.31486702127659577 0.7609390048154093 0.022159574468085103 0.06117174959871589
6 0.22859574468085106 0.7708988764044944 0.023106382978723403 0.08677367576243981
6 0.3511648936170213 0.7335634028892456 0.01273404255319149 0.041958266452648475
