6 0.4056223958333333 0.3679351851851852 0.06929687500000001 0.30020370370370375
4 0.11110937500000001 0.39816666666666667 0.05132291666666667 0.03744444444444444
6 0.2942239583333333 0.2264212962962963 0.0478125 0.15543518518518518
6 0.30902864583333334 0.35235185185185186 0.07902604166666666 0.22914814814814813
4 0.576984375 0.44301851851851853 0.23051041666666666 0.16466666666666668
6 0.22944531249999997 0.29500000000000004 0.04925520833333333 0.26464814814814813
6 0.7755520833333333 0.5045138888888889 0.07233333333333333 0.359787037037037
4 0.4775651041666667 0.40962037037037036 0.038515625000000005 0.03909259259259259
6 0.36446354166666667 0.316087962962963 0.0471875 0.25525000000000003
3 0.5748671875 0.4409814814814815 0.226828125 0.16553703703703704
6 0.7893958333333334 0.37755092592592593 0.055197916666666666 0.18437962962962962
