4 0.29317499999999996 0.36703564727954974 0.0796 0.08112570356472795
6 0.51648125 0.5575891181988742 0.0772125 0.27660412757973735
6 0.06999375 0.6736210131332082 0.1061375 0.24
6 0.61531875 0.588030018761726 0.0967125 0.3448780487804878
6 0.8907062499999999 0.5388836772983114 0.2179125 0.8934146341463415
4 0.28384375 0.44667917448405253 0.0589625 0.0575234521575985
6 0.5512125 0.5576360225140713 0.0632 0.3266416510318949
6 0.343475 0.6802532833020638 0.112875 0.4117260787992495
6 0.26286875000000004 0.633545966228893 0.0959875 0.35662288930581615
6 0.72164375 0.35551594746716697 0.0361625 0.062476547842401496
6 0.6813375 0.4774484052532833 0.06115 0.27099437148217637
6 0.8270750000000001 0.33492495309568476 0.051175 0.09833020637898686
6 0.503 0.47930581613508444 0.04775 0.12015009380863041
6 0.78313125 0.3887992495309569 0.08393750000000001 0.21816135084427768
6 0.8629000000000001 0.3303095684803002 0.03275 0.07067542213883678
6 0.6192812499999999 0.43017823639774866 0.10098750000000001 0.09833020637898686
6 0.165025 0.7135647279549718 0.204125 0.5468292682926829
