6 0.35764375000000004 0.7002532833020638 0.19348749999999998 0.5857598499061913
6 0.20135000000000003 0.7578517823639774 0.043125 0.18118198874296434
3 0.19286874999999998 0.2685741088180112 0.0682625 0.24409005628517821
6 0.9482937499999999 0.7490431519699812 0.0377125 0.17973733583489682
3 0.46041875000000004 0.2401500938086304 0.4936625 0.4803001876172608
6 0.88365 0.7559193245778613 0.04115 0.17345215759849908
6 0.05870625 0.7887054409005628 0.1174125 0.41403377110694184
6 0.8066625000000001 0.7604315196998124 0.038775 0.2027016885553471
6 0.9895062499999999 0.7354502814258912 0.0204375 0.1847842401500938
6 0.558925 0.7119136960600376 0.29710000000000003 0.5585741088180113
6 0.9265000000000001 0.7509193245778611 0.04625 0.18172607879924954
6 0.74113125 0.7687148217636023 0.1472625 0.4574671669793621
