6 0.6603100000000001 0.8690666666666667 0.04818 0.13445333333333334
0 0.7426699999999999 0.9368266666666667 0.17526 0.12565333333333334
6 0.79623 0.8422266666666668 0.03474 0.13085333333333332
6 0.03004 0.8404933333333333 0.03476 0.06594666666666667
6 0.01499 0.9060133333333333 0.02986 0.18610666666666667
6 0.8953399999999999 0.8986666666666666 0.11208 0.20138666666666666
6 0.7189800000000001 0.8465466666666667 0.04464 0.11704
6 0.83662 0.8113066666666667 0.0432 0.10944
6 0.27352 0.8683333333333333 0.02964 0.11757333333333335
3 0.4633 0.2892 0.6326 0.5784
6 0.48499000000000003 0.8701199999999999 0.037219999999999996 0.08909333333333333
0 0.48585 0.9408933333333332 0.0721 0.08941333333333333
6 0.76304 0.83768 0.0432 0.10944
6 0.5345599999999999 0.9085599999999999 0.09456 0.18229333333333334
0 0.36540000000000006 0.9550266666666667 0.18248 0.08893333333333334
6 0.18004 0.8975066666666667 0.07164 0.20370666666666667
6 0.3533 0.9067599999999999 0.05788 0.18578666666666668
6 0.25254 0.9137066666666667 0.09395999999999999 0.17232
6 0.09153 0.9045066666666668 0.06362 0.16784
