6 0.13795 0.22214071856287423 0.13113999999999998 0.3123053892215569
6 0.26915999999999995 0.2950748502994012 0.118 0.38332335329341316
4 0.5331800000000001 0.7865868263473055 0.03564 0.06479041916167665
4 0.37111 0.8054640718562873 0.23582 0.2079940119760479
3 0.736 0.3045808383233533 0.5276000000000001 0.6091616766467066
0 0.5522 0.613188622754491 0.4564 0.5323053892215569
4 0.4353 0.6302844311377245 0.0814 0.1102694610778443
0 0.11861 0.3359131736526946 0.19682 0.24853293413173655
0 0.26164 0.38953592814371263 0.23132 0.2505688622754491
4 0.5958100000000001 0.672754491017964 0.11518 0.3023952095808383
